88.2911
88.3328
89.2911
89.3328
89.3744
91.2078
107.249
112.249
120.041
124.624
126.083
138.333
144.374
152.124
160.708
168.333
175.166
185.416
196.083
206.249
211.583
222.916
234.208
246.166
283.874
296.291
299.958
309.708
331.833
337.958
341.249
346.416
350.333
352.833
356.708
359.041
362.541
366.333
373.249
375.333
379.708
382.624
387.208
403.166
417.999
424.999
431.083
433.958
435.499
437.999
447.291
457.833
461.124
466.541
471.874
474.166
476.374
484.666
486.541
492.874
496.541
520.833
528.249
529.833
531.416
532.458
539.124
544.583
550.124
552.541
555.166
557.333
560.041
562.124
563.416
564.624
567.291
569.499
571.833
574.374
577.583
584.749
694.333
722.999
726.999
730.333
733.249
737.333
740.916
743.333
746.583
750.833
754.124
756.708
759.666
763.291
765.624
769.624
777.708
782.333
787.458
790.624
799.958
804.333
808.291
810.541
812.291
814.666
816.624
818.499
821.916
823.416
825.874
828.416
831.833
833.333
836.083
838.458
843.208
846.416
853.249
854.666
858.791
862.166
864.416
865.916
869.208
872.791
878.541
888.333
890.999
894.166
899.916
902.083
906.041
916.541
920.416
924.416
925.666
928.291
929.749
939.333
941.624
943.166
944.916
947.833
959.374
962.083
972.708
980.333
986.208
994.749
1001.71
1010
1015
1019
1027.62
1038.37
1061.29
1065.37
1069.42
1073.21
1081.62
1085.33
1090.37
1095.12
1099.58
1104.21
1111.79
1118.83
1122.71
1126.71
1133.29
1134.87
1140.25
1143.67
1149.92
1157.17
1159.79
1171.42
1176.37
1180.62
1189.92
1191.25
1193.37
1195.62
1198.33
1204.92
1206.62
1210.5
1213.17
1216.21
1217.62
1218.87
1223.87
1227.5
1231.08
1233.21
1238.08
1241.46
1244.75
1246.04
1248.96
1252.33
1256.42
1262.17
1263.75
1272.42
1276.12
1280.5
1283.46
1289.5
1291.58
1294.17
1303.54
1313.42
1317.71
1359.67
1362.67
1374.08
1394.75
1418.71
1423.33
1442.79
1442.96
1554.5
1561.87
1591.54
1591.58
1591.62
1592.17
1592.33
1598.04
1614.21
1619.21
1623.58
1628.21
1629.87
1729.5
1734.87
1738.33
1739.54
1741.29
1743.62
1747.71
1793.83
1898.71
1904.5
1907.08
1915.67
1919.04
1920.42
1922.79
1966
1966.62
1967.25
1970.21
1970.75
1971.79
1973.54
1974.92
1976.54
1978.79
2107.37
2109.29
2114.79
2123
2129.42
2136.83
2137.12
2137.54
2152.75
2153.21
2153.25
2153.29
2153.83
2153.87
2154.25
2154.29
2158.37
2165.08
2167.92
2173.04
2175.17
2176.42
2178.29
2184
2188.21
2189.71
2191
2195.12
2198.92
2201.37
2208.25
2211.96
2214.37
2217.33
2223.04
2228.71
2333.33
2335.33
2336.87
2340.08
2342.87
2345.29
2347.42
2352.96
2354.37
2371.37
2374.5
2381.29
2386.04
2389.17
2402.79
2407.5
2409.08
2414.83
2419.83
2428.08
2435.29
2444.08
2447.21
2451.08
2515.46
2519.04
2590.21
2597.62
2614.21
2615.71
2618.54
2620.62
2662.21
2669.04
2670.79
2686.04
2688.62
2691.71
2694
2695.75
2697.04
2704.25
2705.83
2708.29
2711.62
2714.21
2718.46
2722.17
2723.87
2724.46
2725.21
2725.71
2727.42
2731.37
2735.37
2738.62
2741.75
2745.17
2751.62
2760.12
2767.5
2772.08
2772.83
2775.79
2776.96
2805.96
2820.5
2827.92
2831.96
2833.87
2837.25
2839.42
2841.67
2846.83
2851.33
2853.37
2857.92
2868.83
2871.67
2880.04
2885.08
2901.67
2924.25
2931.42
2938.71
2941.04
2978.37
2979.67
2997.83
3002.71
3004.96
3007.12
3010.87
3012.5
3014.04
3016.33
3019.67
3025.33
3028.79
3031.37
3033.75
3035.58
3037.37
3038.92
3043.33
3044.37
3046.12
3050.5
3052.12
3054.5
3056.87
3061.37
3063.08
3064.83
3067
3068.87
3072.92
3076.46
3091.04
3093.21
3095.25
3097.29
3102.42
3104.46
3116.83
3118.58
3152.75
3155.58
3176
3188.21
3192.12
3196
3201.92
3206.58
3217.58
3231.12
3236.5
3248.17
3278.5
3287.29
3288.75
3289.71
3290.92
3294.92
3297.33
3298
3298.33
3299.54
3300.42
3306.37
3310.25
3312.96
3319.62
3322.37
3331.75
3339.25
3342
3343.92
3346.62
3350.67
3356
3358.33
3361.17
3364.54
3368.12
3372
3374.79
3379.17
3380.92
3382.71
3385.92
3388.42
3391.58
3393.04
3394.58
3396.54
3399.67
3403.62
3416.87
3420.83
3431.75
3435.42
3460.37
3461.87
3476.42
3480.29
3498.25
3515.83
3537.21
3539.04
3541.71
3582.17
3585.67
3591.25
3606.37
3610.08
3617.67
3621.71
3623.71
3626.62
3633.87
3637.33
3640.67
3644.62
3648.29
3657.33
3666
3669.12
3671.46
3676.04
3679.46
3684.25
3690.08
3696.96
3701.46
3703.46
3705.96
3708.29
3711.25
3714.25
3718.04
3722.92
3728.71
3738.08
3739.42
3745.58
3748.08
3751.54
3753.08
3756.29
3758.67
3764.83
3775.83
3788.92
3808.33
3813.08
3816.79
3821.12
3842.67
3846.12
3848.29
3850.96
3996.67
3999.29
4000.71
4002.29
4004.12
4005.58
4007.17
4008.54
4009.92
4011.5
4013.29
4016.08
4019.83
4023.83
4028.37
4034.83
4041.21
4046.87
4051.71
4054.37
4057.08
4063.46
4067.33
4069.58
4076.42
4089.87
4183.46
4187.29
4190.92
4192.25
4193.92
4213.37
4215
4260.96
4267.83
4269.71
4273.37
4276.17
4285.96
4287.75
4301.08
4314.67
4316.42
4317.5
4320.79
4334.96
4341.17
4350.12
4356.46
4361.75
4369.12
4371.87
4373
4374.92
4379.62
4382.46
4385.29
4388.04
4388.92
4390.08
4390.71
4391.54
4393.04
4395.71
4409.96
4412.17
4415.79
4423.79
4432.5
4437.75
4441.21
4443.92
4444.62
4446.42
4450.92
4456.21
4472.92
4476.12
4484.79
4522.04
4523.37
4566.29
4575.46
4584.29
4588.67
4607.25
4654.79
4664.58
4667.54
4674.08
4676.79
4682.54
4689.92
4705.62
4709.87
4713.08
4719.87
4723.04
4728.37
4733.75
4746.12
4751.5
4752.71
4754.79
4757.62
4763.21
4765.83
4771.04
4774.08
4806.79
4810.08
4822.21
4826.25
4832.71
4836
4863.87
4866.42
4869.62
4874.08
4875.62
4877.54
4886.21
4890.17
4911.96
4919.46
4928.33
4933.54
4943.75
4946.96
4951.29
4955
4983.46
4997.29
5014.12
5028.29
5037.87
5044.08
5050.08
5053
5056.29
5060.04
5064
5071.92
5130.96
5150.5
5154.46
5157.5
5160.5
5173.79
5176.75
5179.04
5181.17
5183.75
5186.62
5188.83
5190.21
5194.62
5197.54
5208.25
5212.5
5215.25
5216.62
5218.54
5220.96
5227.08
5228.67
5231.71
5233.04
5235.58
5237.37
5240.08
5244.17
5247.17
5251.33
5254.46
5256.96
5258.5
5259.96
5261.17
5263.17
5265.08
5267.83
5269.54
5271.58
5272.92
5275
5276.92
5280.96
5284.29
5286.83
5288.79
5291.17
5293.71
5294.71
5299.83
5301.87
5311.54
5313.42
5314.21
5318.29
5319.21
5322.79
5335.5
5343.37
5345
5346.75
5348.96
5351.12
5352.83
5353.87
5356.37
5358.12
5366.5
5367.96
5369.46
5379.17
5381.54
5386.12
5387.33
5388.54
5390.83
5392.08
5393.5
5395.17
5398.58
5400.83
5403.46
5406.62
5407.87
5409.62
5410.83
5412.04
5415.25
5420.54
5423.29
5428.58
5430.92
5434.46
5437.42
5441.12
5448.71
5450.21
5455.17
5459.54
5460.79
5464.33
5467.37
5470.33
5472.04
5473.12
5474.37
5475.62
5476.96
5479.5
5480.87
5482.67
5483.62
5485.46
5486.21
5487.08
5488.71
5489.54
5490.62
5491.29
5492.83
5493.87
5495.67
5497.21
5500.79
5502.21
5504.37
5506.25
5507.54
5512.5
5513.83
5515.42
5517.12
5519.33
5523.75
5527.75
5535.58
5537.79
5542.87
5543.96
5548.21
5553.62
5556.62
5559.33
5561.33
5563.79
5565.87
5573.21
5574.92
5577.71
5580.67
5584.17
5591.12
5594.62
5597.54
5600.67
5605.42
5607.71
5622.75
5624.87
5645.21
5646.87
5649.58
5652.46
5653.33
5654.37
5656.83
5659.87
5661.92
5665.67
5668.83
5670.62
5673.12
5674.25
5676.33
5678.5
5681
5682.12
5685.21
5688
5693.42
5696.42
5699.92
5706.08
5712.79
5714.58
5716.42
5718.21
5725
5731.87
5736.37
5743.62
5745.12
5747.04
5749.21
5753.17
5756.83
5762.54
5765.04
5767.29
5775.83
5780.25
5785
5788.58
5793.25
5795.62
5800.37
5801.83
5804.83
5807.21
5808.5
5810.42
5832.08
5838.37
5840.5
5845.5
5848.37
5852.12
5854.5
5859.79
5863.29
5867.21
5872.21
5875.5
5878.58
5881.08
5883.62
5886.92
5891.46
5898.46
5900.46
5904.25
5905.92
5911.42
5913.87
5919.17
5922.79
5932.75
