0.0327625579834
0.033524017334
0.0339499206543
0.0342244720459
0.0203638305664
0.0231551971436
0.0188275756836
0.0186179199219
0.0191728210449
0.0240672454834
0.0277068786621
0.0287040863037
0.0308219604492
0.031528427124
0.0334344329834
0.036127166748
0.0381992645264
0.0433543701172
0.0477498168945
0.051527923584
0.0598937835693
0.0717225036621
0.0961924438477
0.108845397949
0.11106690979
0.11538873291
0.114226303101
0.111953857422
0.111529968262
0.110083221436
0.105959075928
0.11285395813
0.10997114563
0.111905807495
0.111886108398
0.113136672974
0.115125671387
0.116932571411
0.117061843872
0.117522689819
0.118781356812
0.118484191895
0.118175018311
0.119441635132
0.121889053345
0.119645095825
0.119401885986
0.116192169189
0.115019226074
0.11351473999
0.113585098267
0.112007492065
0.11491104126
0.114389328003
0.112909179687
0.113639480591
0.113495864868
0.113228317261
0.0971196899414
0.098977935791
0.0984237976074
0.0986494598389
0.100345321655
0.10130821228
0.101023468018
0.101220046997
0.101540328979
0.103259552002
0.103776077271
0.104335601807
0.104714096069
0.105127929687
0.106692779541
0.106254592896
0.104120666504
0.102866607666
0.101608795166
0.101005462646
0.100792175293
0.100444900513
0.101914932251
0.10193901062
0.102641143799
0.101936721802
0.101344848633
0.102721969604
0.102881484985
0.102003509521
0.101835968018
0.101928833008
0.107212081909
0.113687210083
0.114134613037
0.113705474854
0.110366165161
0.10494670105
0.104801132202
0.104464294434
0.104261810303
0.104724975586
0.105089309692
0.105277175903
0.104599472046
0.0738763580322
0.0527514343262
0.0462849121094
0.0391434173584
0.0340938110352
0.0290948791504
0.02596434021
0.0240817871094
0.0210173950195
0.0192605133057
0.0331730957031
0.031963684082
0.0347479705811
0.0681894836426
0.101508911133
0.097816986084
0.0948190612793
0.0956152038574
0.0949374084473
0.09123046875
0.095208190918
0.0958772888184
0.0954502868652
0.0970594177246
0.0769440612793
0.0781217803955
0.0807877502441
0.0375825653076
0.0308229217529
0.0269368896484
0.0178643798828
0.0202248077393
0.0208529205322
0.0230600128174
0.0253396911621
0.0291632843018
0.0313835449219
0.0360191497803
0.0400156707764
0.0435256958008
0.0503054504395
0.0632317199707
0.0683258972168
0.0755392303467
0.0757772064209
0.0860673980713
0.0864069671631
0.0947040863037
0.0952863922119
0.101227783203
0.100985412598
0.111676132202
0.111864685059
0.123631652832
0.122471618652
0.139766967773
0.140191970825
0.15446244812
0.154099151611
0.17384336853
0.173293411255
0.183093048096
0.182336791992
0.189154388428
0.18859614563
0.195647796631
0.195293991089
0.203039154053
0.203967315674
0.20737953186
0.20680960083
0.228179382324
0.228516769409
0.252980239868
0.253104904175
0.287675140381
0.287341598511
0.321156890869
0.321089294434
0.330876525879
0.330621795654
0.341693771362
0.341346588135
0.356267242432
0.355488830566
0.365973022461
0.366977813721
0.374211685181
0.373841369629
0.378621398926
0.377890579224
0.385538818359
0.386162155151
0.397076690674
0.397168182373
0.429040847778
0.429291091919
0.484516311646
0.484283401489
0.547154937744
0.545666702271
0.606029067993
0.0588104095459
0.0611946716309
0.0620514678955
0.0628249969482
0.0640301361084
0.0644989776611
0.0652312164307
0.0659475097656
0.0660441131592
0.0665955963135
0.0663401947021
0.0669202270508
0.0667725524902
0.0674945373535
0.0679403839111
0.0675935058594
0.0681686706543
0.0693324890137
0.0690592193604
0.0691276550293
0.0694569396973
0.0697414398193
0.0701201171875
0.0697951812744
0.0699075317383
0.0709479675293
0.0711134796143
0.0716374816895
0.0724240875244
0.0725440216064
0.0718415527344
0.074059387207
0.0750024414062
0.0757398376465
0.076890335083
0.0776403808594
0.0788387451172
0.0805237731934
0.0816567840576
0.0835120391846
0.0836312866211
0.0851928253174
0.0856752929687
0.0874745483398
0.0885825500488
0.0898151702881
0.0905165710449
0.0913465270996
0.0923808288574
0.0923416137695
0.0915687866211
0.0996333312988
0.101109100342
0.103220230103
0.105122283936
0.1064737854
0.108488510132
0.110272201538
0.111793243408
0.113664245605
0.116493408203
0.119601135254
0.119875076294
0.12335836792
0.126743453979
0.129953613281
0.133553436279
0.137417053223
0.141627334595
0.142903335571
0.144376693726
0.14567930603
0.147086212158
0.146209335327
0.145145614624
0.144332870483
0.144108459473
0.142341247559
0.141624832153
0.142002655029
0.140695175171
0.140031921387
0.135331542969
0.133899551392
0.130547943115
0.128847732544
0.130590286255
0.133200515747
0.133327835083
0.122781570435
0.17926473999
0.179144699097
0.179622589111
0.177372894287
0.177368545532
0.177098709106
0.17637097168
0.175544570923
0.176155883789
0.175865585327
0.17583921814
0.175446746826
0.176897186279
0.176476303101
0.176562454224
0.175928207397
0.181180603027
0.183512359619
0.186439804077
0.184529220581
0.182863555908
0.177905700684
0.179780334473
0.180172836304
0.179292175293
0.177702331543
0.177911239624
0.176573760986
0.176504699707
0.175671569824
0.180530441284
0.179349014282
0.179991439819
0.179681594849
0.178967437744
0.180463104248
0.182124572754
0.184400543213
0.186413909912
0.186239028931
0.184859954834
0.183888198853
0.185771438599
0.184495010376
0.182713821411
0.181847839355
0.183245834351
0.182624343872
0.18287121582
0.183569091797
0.183639083862
0.184185638428
0.18593989563
0.141184997559
0.124884857178
0.108369949341
0.112472076416
0.681635604858
0.681478851318
0.691683120728
0.698591888428
0.718753585815
0.723574295044
0.720286621094
0.730584625244
0.736908752441
0.748201416016
0.750691665649
0.762452896118
0.732845932007
0.709606994629
0.691216720581
0.678969161987
0.683141952515
0.690821136475
0.708718643188
0.711066955566
0.701827026367
0.702983200073
0.700960678101
0.699432495117
0.69855796814
0.662787521362
0.667442230225
0.644323287964
0.656498718262
0.649130783081
0.650406448364
0.668075210571
0.674227493286
0.693711105347
0.696832107544
0.696608169556
0.697058013916
0.702436203003
0.71024357605
0.716934555054
0.721778656006
0.731789520264
0.726813323975
0.708713180542
0.687417633057
0.680737289429
0.684443481445
0.704191101074
0.695763244629
0.695517791748
0.699902923584
0.709056716919
0.699976409912
0.691639144897
0.685373474121
0.681989303589
0.678499160767
0.693919128418
0.694399810791
0.699778656006
0.698245010376
0.695830444336
0.697986740112
0.697360183716
0.702566482544
0.712716217041
0.71532951355
0.716010559082
0.715235641479
0.700303939819
0.685692886353
0.674575637817
0.667403213501
0.665252456665
0.671780639648
0.689957550049
0.684848556519
0.683016479492
0.685616867065
0.690445327759
0.690656356812
0.693424179077
0.694313659668
0.680982299805
0.671407546997
0.668001495361
0.677565872192
0.687568466187
0.687135040283
0.689642974854
0.692300613403
0.691924911499
0.694132034302
0.692393783569
0.696381256104
0.702310470581
0.705907592773
0.708288742065
0.703817596436
0.693468734741
0.677403030396
0.668239059448
0.666032028198
0.667280456543
0.710970779419
0.710601531982
0.71456930542
0.724331100464
0.730123214722
0.737047515869
0.73299836731
0.728992141724
0.719639160156
0.703129302979
0.702115585327
0.715992126465
0.717224227905
0.725704666138
0.725026870728
0.725099884033
0.737083374023
0.737225463867
0.751745178223
0.753020950317
0.771900375366
0.794905319214
0.812404006958
0.840089172363
0.853453475952
0.853187698364
0.849894958496
0.850187744141
0.850127761841
0.850692047119
0.85334324646
0.852757141113
0.853767211914
0.85239906311
0.851281265259
0.850653915405
0.841646881104
0.841187194824
0.836518875122
0.837368286133
0.820006958008
0.821529891968
0.802853546143
0.799594085693
0.796917358398
0.79419418335
0.788415115356
0.790394882202
0.78000769043
0.784810256958
0.768879623413
0.769923156738
0.760738876343
0.762666687012
0.754073028564
0.752853103638
0.740805007935
0.742507522583
0.732278045654
0.733955108643
0.718214126587
0.720385009766
0.709384979248
0.711173400879
0.710134979248
0.712461502075
0.713985153198
0.715327758789
0.714150436401
0.716055786133
0.714960067749
0.712890563965
0.711382110596
0.712324752808
0.711502655029
0.709148269653
0.707148849487
0.707375289917
0.707820785522
0.713968658447
0.716098983765
0.715378051758
0.715425674438
0.715668045044
0.71411819458
0.714393417358
0.715997802734
0.718006286621
0.716636306763
0.717907104492
0.718033477783
0.720107772827
0.713689056396
0.714023910522
0.713255050659
0.713466293335
0.711428283691
0.709111541748
0.708256896973
0.710208557129
0.70810723877
0.711749237061
0.707117141724
0.703857589722
0.702082611084
0.70534487915
0.698791397095
0.69634197998
0.693057449341
0.692261367798
0.692973434448
0.696905532837
0.695855117798
0.700781036377
0.703608047485
0.70677204895
0.704149353027
0.703602157593
0.704595199585
0.708198608398
0.70419593811
0.704739074707
0.703192672729
0.705500305176
0.702958862305
0.708802124023
0.720071365356
0.718548736572
0.715175140381
0.714720077515
0.716950637817
0.71770211792
0.721652618408
0.725097808838
0.730095443726
0.728195373535
0.736768539429
0.737895782471
0.740931671143
0.741901107788
0.730289459229
0.731724853516
0.722337921143
0.727344802856
0.72144418335
0.7240234375
0.716172149658
0.721401733398
0.71573034668
0.716549072266
0.709468917847
0.712212478638
0.718210403442
0.718434951782
0.722008972168
0.720388504028
0.723961776733
0.722686462402
0.733245346069
0.726188323975
0.712290374756
0.708663482666
0.690639358521
0.678929962158
0.650514892578
0.643596939087
0.611331542969
0.581194015503
0.531008972168
0.485211639404
0.413871414185
0.331972763062
0.233508163452
0.143364730835
0.146239868164
0.14785067749
0.153079940796
0.155323318481
0.158297927856
0.162517715454
0.166494140625
0.166586105347
0.174324645996
0.175751922607
0.176885620117
0.177717849731
0.16903453064
0.16769442749
0.164922790527
0.165446960449
0.167180648804
0.169711883545
0.167660247803
0.166929229736
0.167388580322
0.170294464111
0.168958374023
0.169136352539
0.168701141357
0.167079360962
0.166027328491
0.164143661499
0.166750808716
0.167274047852
0.167486785889
0.166253158569
0.167943405151
0.167790496826
0.164495315552
0.162310714722
0.157203277588
0.157698562622
0.156502227783
0.155267654419
0.15314944458
0.147737915039
0.150520874023
0.151486190796
0.151969665527
0.155611816406
0.161776138306
0.16116758728
0.163857925415
0.165970703125
0.164715316772
0.16900352478
0.164332550049
0.164528015137
0.158916915894
0.159976654053
0.158265136719
0.161746170044
0.160771881104
0.16156854248
0.161145523071
0.160673583984
0.155344696045
0.154480926514
0.15026625061
0.150174163818
0.148395385742
0.149215652466
0.145676834106
0.145294616699
0.146238342285
0.147091110229
0.149046325684
0.148753829956
0.145517944336
0.144222579956
0.140763885498
0.141872406006
0.140553207397
0.146223556519
0.146696426392
0.136205734253
0.13641229248
0.133449493408
0.138299728394
0.133369491577
0.134255615234
0.132368637085
0.13203666687
0.132235778809
0.134711380005
0.134776535034
0.136790115356
0.110693161011
0.11090083313
0.111589431763
0.111461395264
0.111790344238
0.109743835449
0.106896850586
0.103955322266
0.101971450806
0.0989829559326
0.0957386779785
0.094758682251
0.0917468109131
0.0885088348389
0.0875785369873
0.0849021759033
0.085003112793
0.0854071960449
0.0883899383545
0.0888564453125
0.0895186004639
0.0904643707275
0.0946708984375
0.0960699920654
0.0967487335205
0.0975496520996
0.0988268737793
0.0987863006592
0.0968849487305
0.0962065734863
0.0992142333984
0.0995209503174
0.0988808746338
0.0977713928223
0.096291595459
0.0961294403076
0.096547744751
0.0963970794678
0.0947272949219
0.0943929443359
0.096674621582
0.0978805389404
0.0960317840576
0.0963382415771
0.0951428375244
0.0921595611572
0.0912416992187
0.0897347412109
0.0894802703857
0.0892125396729
0.0875821685791
0.0872199707031
0.0859125976563
0.0848143463135
0.0826910552979
0.081811340332
0.0818529510498
0.0806509094238
0.079152557373
0.0786984100342
0.0781521759033
0.0783720245361
0.0785834197998
0.0804234161377
0.0814964141846
0.0820637359619
0.0812847595215
0.0804161376953
0.0788273468018
0.0780905303955
0.078364364624
0.0781359558105
0.0782750091553
0.0789255218506
0.0780016937256
0.0782902374268
0.0796576080322
0.0789771728516
0.0790274963379
0.0797743225098
0.0796207122803
0.0801265411377
0.0814190826416
0.0807211608887
0.0802774353027
0.0813339080811
0.0810378570557
0.0804121551514
0.0831448822021
0.082092666626
0.0824590911865
0.0843659820557
0.0854209594727
0.0848342132568
0.0848990936279
0.0842915496826
0.0833971252441
0.0838880615234
0.0835007629395
0.0821770172119
0.0826232757568
0.0821271362305
0.0813777313232
0.0835848236084
0.0836257629395
0.0847074432373
0.0868444976807
0.0886354675293
0.0870637207031
0.0884709625244
0.0887369384766
0.0889489593506
0.0810029449463
0.0863014831543
0.0881428222656
0.089156539917
0.08822315979
0.0886191864014
0.0909907226562
0.0914537200928
0.0923330230713
0.0938688812256
0.0947786407471
0.0952892303467
0.0977967224121
0.0984709777832
0.101477859497
0.103610183716
0.106939941406
0.108216125488
0.108783843994
0.108199691772
0.108562332153
0.109812835693
0.111740585327
0.111162765503
0.111360321045
0.1111771698
0.112221191406
0.110540786743
0.110146728516
0.108206832886
0.108948913574
0.110605880737
0.110607788086
0.111974853516
0.112827911377
0.111941345215
0.112598312378
0.111960510254
0.111610916138
0.110406906128
0.109615234375
0.108727981567
0.109601409912
0.109284805298
0.109172836304
0.109558334351
0.10957661438
0.110345230103
0.112380447388
0.111406829834
0.111767288208
0.111146514893
0.110397354126
0.110099594116
0.110093215942
0.111235473633
0.112492874146
0.112336257935
0.113326553345
0.118359542847
0.119151779175
0.102477279663
0.108101989746
0.10895199585
0.109436676025
0.110830795288
0.109593215942
0.10936366272
0.110218276978
0.110011520386
0.110880844116
0.111558624268
0.110984771729
0.110044235229
0.110800186157
0.1082762146
0.108358474731
0.108669952393
0.10819102478
0.108723754883
0.107812225342
0.107002319336
0.106482040405
0.105853759766
0.105560836792
0.106733703613
0.106615524292
0.105184921265
0.104433074951
0.104623931885
0.105374359131
0.104861541748
0.107048690796
0.107159606934
0.107634796143
0.110431243896
0.110111663818
0.109501663208
0.111033279419
0.111929168701
0.111801269531
0.11170111084
0.111542160034
0.11189956665
0.112897949219
0.11170753479
0.111546661377
0.113862350464
0.114379241943
0.116101013184
0.117377304077
0.116891113281
0.116256515503
0.11818460083
0.117463760376
0.117627975464
0.117772232056
0.115615692139
0.115221221924
0.11543296814
0.115064254761
0.115118255615
0.115535583496
0.112619567871
0.112776992798
0.111683105469
0.111140762329
0.111412567139
0.112250320435
0.109960693359
0.108205276489
0.108653640747
0.10872567749
0.107398880005
0.107956832886
0.108160873413
0.107843704224
0.108018508911
0.107592987061
0.106624969482
0.108634643555
0.109513671875
0.109645278931
0.112712112427
0.113661315918
0.113689926147
0.114299041748
0.115705856323
0.115411727905
0.115718261719
0.115951690674
0.11504119873
0.115766891479
0.116057296753
0.11538218689
0.119186233521
0.120251449585
0.120398605347
0.120015228271
0.122343048096
0.123262588501
0.12531892395
0.125488922119
0.125099182129
0.126001480103
0.122938201904
0.0525824432373
0.0549936523437
0.0552359466553
0.0554120330811
0.0568783416748
0.0566999816895
0.0568946838379
0.0558995513916
0.0571994171143
0.0566873168945
0.0578660430908
0.057723236084
0.0569059448242
0.0569524230957
0.0560705718994
0.0555682373047
0.0561333770752
0.055525604248
0.0563216094971
0.0556158599854
0.0537628326416
0.0528349761963
0.0547041931152
0.0547091369629
0.054324798584
0.0538928527832
0.0545221557617
0.0559179077148
0.0552983703613
0.0552443389893
0.0559305419922
0.0563986968994
0.0569005889893
0.0568152008057
0.0573675384521
0.0567597961426
0.0568311004639
0.0581924133301
0.0585626831055
0.0582343139648
0.0601297302246
0.0601131896973
0.060067779541
0.0601457824707
0.0514985046387
0.0616589660645
0.0630791778564
0.0626696166992
0.0626751251221
0.0605097503662
0.0612331542969
0.0617557830811
0.0603262023926
0.0631860198975
0.0633444213867
0.0647413482666
0.0635534057617
0.0624324188232
0.0633958587646
0.0639732513428
0.0630070343018
0.063267791748
0.0605674743652
0.0587506866455
0.0584317779541
0.058210357666
0.0570878295898
0.0565353393555
0.0556710357666
0.0547500915527
0.0548942108154
0.054808303833
0.0549069671631
0.0547493896484
0.0553637695313
0.0550047454834
0.0543851776123
0.0547554626465
0.0531857910156
0.0532125396729
0.0536073303223
0.0533721160889
0.0540924835205
0.0539956970215
0.0526987457275
0.0526020050049
0.096165512085
0.0962890930176
0.0971778411865
0.0961862030029
0.0965401153564
0.095783706665
0.095487411499
0.0949624328613
0.0958053741455
0.095457321167
0.0976974639893
0.0979008178711
0.0981835479736
0.0992550354004
0.0990509796143
0.0986904754639
0.0978813781738
0.0984929504395
0.0981824645996
0.0983584136963
0.0985465393066
0.0983138580322
0.100257873535
0.100663757324
0.099494720459
0.0991552124023
0.0983868103027
0.0968327484131
0.0981948699951
0.0978120117188
0.0993157958984
0.100014755249
0.100184799194
0.100476867676
0.0997813262939
0.0992728729248
0.0980128479004
0.0979383544922
0.0986562805176
0.0990156707764
0.0978439788818
0.0984345245361
0.100404708862
0.102836547852
0.103240692139
0.104384689331
0.106596328735
0.106844070435
0.10613621521
0.105870071411
0.10508934021
0.104324081421
0.102303192139
0.100518585205
0.0996380767822
0.100627639771
0.102193237305
0.102467727661
0.101909378052
0.101101364136
0.0999906463623
0.099876083374
0.0989533233643
0.099154083252
0.0966985626221
0.0988288269043
0.106014663696
0.106945541382
0.107029449463
0.105304229736
0.10657963562
0.107827590942
0.10797088623
0.106845932007
0.10677571106
0.106130310059
0.105731216431
0.106443222046
0.103571121216
0.102574890137
0.0972031402588
0.0968059082031
0.09880909729
0.0992772979736
0.0951691436768
0.0944595031738
0.0848594207764
0.0877446136475
0.0893156738281
0.0888955078125
0.0893552246094
0.087923614502
0.0897916259766
0.0906236724854
0.0914768218994
0.0905336303711
0.0917192993164
0.0926207580566
0.0920147094727
0.0921235656738
0.0914037017822
0.0907971191406
0.0891148986816
0.0923613128662
0.0895449371338
0.0897546234131
0.0901003417969
0.0952037353516
0.0952475585937
0.0949983978271
0.0922706756592
0.0918999786377
0.0885387573242
0.088077041626
0.114881744385
0.11511315918
0.112085678101
0.112382949829
0.109748321533
0.111725906372
0.11102722168
0.111036331177
0.11268536377
0.113484848022
0.112268493652
0.111346206665
0.111086105347
0.111150421143
0.110020202637
0.109699859619
0.11285508728
0.114601638794
0.112249038696
0.112327255249
0.112122314453
0.111907775879
0.112368301392
0.112886199951
0.114377746582
0.0725188903809
0.0742812042236
0.0761335449219
0.0784000091553
0.0783582000732
0.0795004882813
0.0769261474609
0.0769547119141
0.0796024780273
0.0800653686523
0.0799813690186
0.078522354126
0.0782565765381
0.0790292510986
0.0780386657715
0.0783398742676
0.0785550231934
0.0762809295654
0.0756583404541
0.0754678039551
0.0756493225098
0.0757105865479
0.0767959594727
0.0762791748047
0.0770716094971
0.0785274200439
0.0786042480469
0.0793540039063
0.0802800292969
0.0796372528076
0.0799471130371
0.0781973114014
0.0780378875732
0.0768284606934
0.0775320892334
0.0762961883545
0.0746671447754
0.075016708374
0.0744979858398
0.0743540496826
0.0619483795166
0.0641096801758
0.0662365570068
0.0667769775391
0.0675440979004
0.068324432373
0.0678297576904
0.0668716430664
0.0689274749756
0.0706685028076
0.0758498535156
0.0759371490479
0.076777633667
0.0748895568848
0.0734960632324
0.0721007995605
0.0725570373535
0.0723263549805
0.0701631774902
0.0694544372559
0.0689234466553
0.0714960327148
0.0712784423828
0.0720825195312
0.0708101043701
0.0709599609375
0.0721684570312
0.0737779388428
0.0726636810303
0.0723991241455
0.072055557251
0.0733792877197
0.0754968566895
0.0771659393311
0.0786565856934
0.0795097503662
0.0809617156982
0.0811750183105
0.0809326171875
0.0803653411865
0.0778852844238
0.0762770843506
0.0783672180176
0.0788076629639
0.0770806274414
0.0775669708252
0.0769456329346
0.0755486755371
0.0759386901855
0.0747750091553
0.0732025146484
0.0737484588623
0.0742527923584
0.0744728851318
0.0744922027588
0.0754430389404
0.0735293121338
0.0727518768311
0.0727499847412
0.0720699005127
0.0707122802734
0.0715970306396
0.0696416015625
0.0694646453857
0.069329498291
0.0693153839111
0.0689109191895
0.0699638366699
0.0713225097656
0.0713126373291
0.0691172027588
0.0685841522217
0.0663278045654
0.0668375701904
0.0672840576172
0.0670327301025
0.0657014465332
0.0650605010986
0.0643191070557
0.0649891662598
0.0663576507568
0.0685801849365
0.0725822296143
0.0747882385254
0.075493637085
0.0744737701416
0.0763921051025
0.0772324981689
0.0768327178955
0.07683984375
0.078382232666
0.0781375427246
0.0771237487793
0.07600831604
0.0761320800781
0.075228012085
0.0758807830811
0.0762648620605
0.0745239105225
0.0732530517578
0.0728489685059
0.0724161987305
0.0726087646484
0.0711138916016
0.070284576416
0.070634979248
0.0712847442627
0.0711600036621
0.0726972198486
0.0706837463379
0.069392288208
0.070111114502
0.0674851074219
0.0628804321289
0.0625490875244
0.0615478973389
0.0607718963623
0.0606787109375
0.0617237701416
0.0620857543945
0.0612813568115
0.06178175354
0.0623770446777
0.0638896942139
0.0667762451172
0.0678396148682
0.0711278991699
0.0738173980713
0.0767660980225
0.0761663665771
0.074694229126
0.0753304290771
0.077501159668
0.0760617523193
0.0774736480713
0.0786074981689
0.0788748321533
0.080498046875
0.0798969421387
0.0826235198975
0.0833313140869
0.0860742950439
0.0887402954102
0.0881414794922
0.0907656860352
0.093858795166
0.0943370056152
0.0949718170166
0.0970723571777
0.098967956543
0.100872024536
0.100862976074
0.1011980896
0.10331477356
0.105597854614
0.104660491943
0.103641433716
0.103133346558
0.102834487915
0.102993774414
0.103751815796
0.103665817261
0.104883239746
0.10704510498
0.105771514893
0.107564102173
0.109573455811
0.11070300293
0.111560058594
0.11438343811
0.114898513794
0.117248153687
0.11812411499
0.118387161255
0.121891937256
0.12120324707
0.119718551636
0.121186981201
0.126124313354
0.126626998901
0.123932250977
0.122533950806
0.121744827271
0.123155883789
0.123495025635
0.124257980347
0.126030441284
0.123073745728
0.122240081787
0.123019454956
0.12435105896
0.123099212646
0.125183670044
0.127430160522
0.129034210205
0.125793548584
0.123173614502
0.121318206787
0.120755126953
0.119819656372
0.122270675659
0.118832946777
0.118391876221
0.116833892822
0.118548522949
0.118597091675
0.118855178833
0.120329101562
0.119954345703
0.122237503052
0.122259979248
0.118797042847
0.117778579712
0.11688092041
0.117907714844
0.118923995972
0.118889526367
0.118293228149
0.11838470459
0.119897567749
0.119893005371
0.120369049072
0.119928237915
0.119108001709
0.118353622437
0.119076919556
0.12034513855
0.123663192749
0.122682174683
0.12336289978
0.12069694519
0.121635360718
0.122530487061
0.122589691162
0.124468460083
0.122805496216
0.122462112427
0.125011047363
0.124895767212
0.125816986084
0.123000991821
0.121782943726
0.121746002197
0.121296844482
0.120777557373
0.120969192505
0.12003024292
0.118769515991
0.119046722412
0.12152796936
0.121754562378
0.122429428101
0.123681655884
0.121575027466
0.121190032959
0.123138793945
0.124215789795
0.121841873169
0.123392776489
0.124693634033
0.124834655762
0.126357086182
0.124706466675
0.122986846924
0.126371276855
0.126882446289
0.126345458984
0.191250564575
0.19091835022
0.191457611084
0.192292419434
0.192288269043
0.192066055298
0.19019430542
0.189997161865
0.19005279541
0.189357574463
0.197607040405
0.200235946655
0.20123374939
0.201763748169
0.200085754395
0.201321136475
0.195062850952
0.194085525513
0.192747177124
0.191111190796
0.193163803101
0.194661514282
0.196007919312
0.194858612061
0.195437835693
0.198874313354
0.198927078247
0.200521835327
0.199366867065
0.19664163208
0.200190887451
0.202651260376
0.201449951172
0.200169708252
0.199069259644
0.199586029053
0.200486541748
0.199617721558
0.199464157104
0.198709762573
0.196580825806
0.197251480103
0.196287887573
0.198932327271
0.199962203979
0.201738586426
0.202115234375
0.200641616821
0.200955596924
0.19976663208
0.20057321167
0.200024688721
0.200300460815
0.198521591187
0.194576950073
0.197659225464
0.198925384521
0.200163284302
0.198821838379
0.196781829834
0.19326071167
0.195132720947
0.19661328125
0.196692657471
0.198956314087
0.198932250977
0.196154098511
0.193127288818
0.189357345581
0.189855163574
0.195295059204
0.196842681885
0.201125869751
0.199114303589
0.199667358398
0.197268203735
0.200746383667
0.199847061157
0.202017288208
0.199987258911
0.122230743408
0.127896789551
0.123305053711
0.122883544922
0.126643264771
0.126716934204
0.125573150635
0.126244415283
0.127428222656
0.125625793457
0.126189407349
0.126565689087
0.126790420532
0.124121658325
0.12424798584
0.124155227661
0.124933456421
0.124611083984
0.124625869751
0.122682617187
0.123638504028
0.122361602783
0.122568496704
0.12096395874
0.120066619873
0.120293502808
0.119287704468
0.117473754883
0.116418960571
0.112549636841
0.111545593262
0.110537918091
0.109786743164
0.111226226807
0.108682327271
0.106112243652
0.106440307617
0.107607177734
0.106537460327
0.105479904175
0.102536148071
0.102571212769
0.103277282715
0.102305648804
0.103159042358
0.101339126587
0.0987388916016
0.0982732696533
0.0983496704102
0.0967967987061
0.0941398162842
0.0943581237793
0.0952630004883
0.0927519378662
0.0915660400391
0.0897038421631
0.092486618042
0.0930852661133
0.0927049560547
0.0894153289795
0.0853505859375
0.0854566650391
0.0845754241943
0.0841300506592
0.0834147186279
0.0824711608887
0.0798677062988
0.0796375427246
0.08056640625
0.0807955322266
0.0801393890381
0.0793040771484
0.07690184021
0.0752217559814
0.0751377563477
0.0734013519287
0.0711605834961
0.0703963470459
0.0700171203613
0.0693390655518
0.0698730163574
0.0688379669189
0.0699443206787
0.0701649780273
0.0702226257324
0.072791305542
0.0743140258789
0.0756625976563
0.0733305664062
0.0737249755859
0.074057723999
0.0770860900879
0.0764132843018
0.074769821167
0.0752593383789
0.0750122833252
0.0755903015137
0.07477394104
0.0726742248535
0.0675159301758
0.0666467285156
0.0660321655273
0.06241796875
0.0621262054443
0.0623008728027
0.0605192871094
0.0609732818604
0.0618952484131
0.0621651000977
0.0629715576172
0.0627288665771
0.0627965087891
0.0611364440918
0.0606850128174
0.0594610748291
0.0603992156982
0.0619540100098
0.0627760162354
0.0633328399658
0.0632402191162
0.0622562255859
0.0643980865479
0.0688941955566
0.070019317627
0.0666739196777
0.0666900634766
0.0665201721191
0.0668793487549
0.0655880737305
0.0662569122314
0.0665595703125
0.064878112793
0.0644151916504
0.0653244781494
0.0652263336182
0.0651200256348
0.06514012146
0.0647768249512
0.0636400909424
0.0637303009033
0.0634671630859
0.0628697052002
0.0628115844727
0.0619651184082
0.0607083435059
0.0610406799316
0.0610935821533
0.0602080993652
0.0610534973145
0.0604992675781
0.0606492462158
0.0594267272949
0.0586994018555
0.0592611236572
0.0590998687744
0.0583367462158
0.0575774230957
0.0575774993896
0.0575707092285
0.0571669616699
0.0560067138672
0.0555049743652
0.0559594421387
0.0569068603516
0.0582764892578
0.0586095581055
0.0585497131348
0.0590128173828
0.0588288269043
0.0581277770996
0.0577736053467
0.0572587280273
0.0573118438721
0.0576530151367
0.0576795654297
0.0584614562988
0.0577581329346
0.0582216644287
0.0572909851074
0.0565240783691
0.0561679534912
0.0559865112305
0.0577124328613
0.0579197692871
0.0578376617432
0.0559980316162
0.0564165496826
0.057270111084
0.0580072174072
0.0580522003174
0.0568785858154
0.0559734344482
0.0554912719727
0.0550235443115
0.0546387634277
0.0544324035645
0.0557857666016
0.0560948486328
0.0568593292236
0.0572703552246
0.0571603393555
0.0575015411377
0.0574109344482
0.057717376709
0.0577197418213
0.0580570220947
0.0578431396484
0.0582839202881
0.0591389160156
0.0593783569336
0.0598558654785
0.0600445861816
0.0595723876953
0.0590032501221
0.0592721557617
0.0593446502686
0.0593571014404
0.0596195526123
0.0601193237305
0.0590438995361
0.0584011383057
0.0855911712646
0.0870543212891
0.086930267334
0.0882372741699
0.0887031555176
0.0878918304443
0.0879754333496
0.0888269958496
0.0888693237305
0.0900189056396
0.0897010650635
0.0881452941895
0.0879626617432
0.0892999725342
0.0884305877686
0.0889822387695
0.0899125366211
0.090313293457
0.0908311157227
0.0913750610352
0.0912231445313
0.0910975494385
0.0915212554932
0.0908715209961
0.0914898986816
0.0920882415771
0.0921097869873
0.0927881774902
0.0944206237793
0.097161529541
0.0979274597168
0.0965169525146
0.0933441772461
0.0795805664062
0.078728729248
0.0790714263916
0.0798968200684
0.0798843231201
0.0790105285645
0.0797273864746
0.0795773162842
0.106421829224
0.167673156738
0.221596679687
0.269984115601
0.311274978638
0.344263595581
0.374391799927
0.385598754883
0.401115921021
0.414785110474
0.425073791504
0.437996109009
0.450052200317
0.462552520752
0.474989395142
0.473061004639
0.471799423218
0.471584350586
0.470608795166
0.469972457886
0.470681411743
0.4705390625
0.471422866821
0.471052108765
0.4706796875
0.469764862061
0.469367248535
0.468273971558
0.469414993286
0.468631118774
0.467898529053
0.472427261353
0.465525436401
0.466593582153
0.466152206421
0.471899734497
0.471209686279
0.470669387817
0.470467880249
0.468229187012
0.467878250122
0.467230728149
0.466639465332
0.466889053345
0.466823120117
0.468761566162
0.466493499756
0.462144119263
0.464129562378
0.465541915894
0.465586471558
0.465365966797
0.463988098145
0.464092819214
0.467022232056
0.469302185059
0.470443328857
0.470507522583
0.468745773315
0.463704803467
0.462944625854
0.463821640015
0.464514450073
0.752569549561
0.744235427856
0.73987336731
0.741733673096
0.737103210449
0.738571487427
0.737801040649
0.738329818726
0.733031814575
0.732302246094
0.726152801514
0.725777130127
0.720618453979
0.72235760498
0.714464263916
0.71382963562
0.709092315674
0.706496078491
0.700367019653
0.705970062256
0.706297897339
0.706472366333
0.707290237427
0.706162338257
0.706425872803
0.704059677124
0.700969207764
0.700765319824
0.699882385254
0.696556381226
0.690355560303
0.691085739136
0.69334513855
0.693368301392
0.691871871948
0.693167221069
0.693773986816
0.691379241943
0.689021255493
0.688937026978
0.690853485107
0.687682189941
0.686111312866
0.68487953186
0.684693161011
0.684150482178
0.683360977173
0.68359928894
0.68164302063
0.681339279175
0.676553222656
0.678960739136
0.673389129639
0.672311309814
0.668910598755
0.669755935669
0.669161773682
0.668563568115
0.669430557251
0.670653030396
0.667229888916
0.666851577759
0.664848724365
0.665774642944
0.660094985962
0.660981536865
0.660061294556
0.665826187134
0.6627862854
0.664941314697
0.663561355591
0.666266418457
0.658878356934
0.658447769165
0.653325424194
0.654598236084
0.65397076416
0.654665390015
0.653059249878
0.655089874268
0.654980178833
0.660650695801
0.655461395264
0.655637252808
0.652887039185
0.652335861206
0.651016601563
0.650705352783
0.650711776733
0.651421234131
0.654070053101
0.652557312012
0.655770126343
0.656606719971
0.659778060913
0.653572341919
0.652990203857
0.654123184204
0.655563934326
0.661349182129
0.656886322021
0.655706497192
0.655433120728
0.658076843262
0.658513076782
0.658281845093
0.659945770264
0.65962840271
0.663530838013
0.661692886353
0.660235794067
0.660370681763
0.664995666504
0.665009521484
0.657996612549
0.658799942017
0.658723831177
0.664289199829
0.665633529663
0.665693023682
0.667282943726
0.666008651733
0.663990875244
0.667563873291
0.672222732544
0.669471282959
0.669247909546
0.672083557129
0.675008834839
0.677949569702
0.680286437988
0.682614303589
0.682101913452
0.680871582031
0.682115615845
0.683951812744
0.681405914307
0.685380996704
0.688564025879
0.690178497314
0.694324432373
0.68675668335
0.687436645508
0.687695831299
0.689069442749
0.684471725464
0.68494203186
0.682411895752
0.685553573608
0.686102264404
0.69004914856
0.693646514893
0.677338088989
0.687527908325
0.688144439697
0.682674591064
0.689730865479
0.692669113159
0.692038635254
0.692858627319
0.692924102783
0.689959960937
0.691230880737
0.688302932739
0.689689376831
0.688663375854
0.690070770264
0.688872329712
0.689142791748
0.691085968018
0.695425231934
0.690646530151
0.687367782593
0.687146820068
0.694710250854
0.696260604858
0.698409606934
0.698486633301
0.701752960205
0.701708267212
0.703415008545
0.702286376953
0.704638412476
0.706400268555
0.707030929565
0.705830230713
0.614484298706
0.637820327759
0.640120178223
0.640634765625
0.640077041626
0.63856980896
0.63900213623
0.639143539429
0.640494110107
0.641735031128
0.642617111206
0.643657226562
0.649262039185
0.651382598877
0.646808319092
0.639085128784
0.639451721191
0.636988296509
0.636059555054
0.631987121582
0.62809677124
0.620378143311
0.620736190796
0.616587661743
0.614940368652
0.604568008423
0.610371032715
0.609402877808
0.599802307129
0.600285308838
0.601227355957
0.599853744507
0.601843566895
0.598112884521
0.593519958496
0.593988571167
0.601619750977
0.602066040039
0.620829467773
0.624188842773
0.636112869263
0.635388824463
0.64014755249
0.637250396729
0.632490325928
0.621709091187
0.627030303955
0.633914245605
0.6364740448
0.637626342773
0.642125915527
0.644746429443
0.644870910645
0.634158599854
0.627236999512
0.618740432739
0.615574020386
0.615312179565
0.615712493896
0.617879974365
0.62186769104
0.622674468994
0.619528320312
0.616676742554
0.619577774048
0.618191131592
0.613596282959
0.610736175537
0.6020128479
0.603262649536
0.60204800415
0.598887588501
0.602340164185
0.598568237305
0.597037475586
0.59512991333
0.589944107056
0.586343719482
0.585894104004
0.587878997803
0.587998046875
0.586801025391
0.580882476807
0.576730316162
0.579008895874
0.58658895874
0.586578536987
0.586985839844
0.58625479126
0.591608612061
0.588577850342
0.576253265381
0.558959014893
0.563894454956
0.567962387085
0.583510040283
0.598214492798
0.613736526489
0.611786209106
0.616284164429
0.617363449097
0.617902664185
0.616743057251
0.620312316895
0.619170654297
0.61909147644
0.61990335083
0.540456710815
0.622797637939
0.62205255127
0.620344573975
0.622593292236
0.620822219849
0.622411026001
0.62083354187
0.619651641846
0.623432952881
0.62470690918
0.627446502686
0.626374237061
0.627966110229
0.629097564697
0.623412002563
0.627910675049
0.640083084106
0.647661193848
0.647726348877
0.649466644287
0.65141519165
0.65542980957
0.66109727478
0.666962005615
0.666725082397
0.669467269897
0.669444244385
0.673253143311
0.67008203125
0.645464981079
0.663711425781
0.659144363403
0.651191192627
0.644539169312
0.635953704834
0.628685028076
0.622851028442
0.614479598999
0.609417327881
0.601242538452
0.593661651611
0.59143359375
0.597162826538
0.597996185303
0.592427200317
0.590483718872
0.583896942139
0.577200302124
0.57349659729
0.569676101685
0.564987014771
0.560360992432
0.560400131226
0.551976654053
0.543859359741
0.533864624023
0.524638320923
0.512355209351
0.500751495361
0.497528091431
0.491286575317
0.491891967773
0.481514007568
0.476564025879
0.473997344971
0.471824890137
0.474079986572
0.475422485352
0.469204223633
0.466064315796
0.46100440979
0.460354751587
0.454596572876
0.457836547852
0.45502015686
0.45088621521
0.450202194214
0.44656980896
0.454478683472
0.444449874878
0.442922912598
0.435469940186
0.415642852783
0.4163384552
0.41519178772
0.421009979248
0.449161224365
0.482509033203
0.490797058105
0.489031280518
0.484198135376
0.496196136475
0.504767501831
0.501703674316
0.501196105957
0.509662536621
0.525531829834
0.537882705688
0.539350219727
0.543217147827
0.548366531372
0.553625030518
0.558411621094
0.563882492065
0.567311828613
0.570061828613
0.571758590698
0.566854934692
0.567036972046
0.563923721313
0.564819625854
0.562264266968
0.563250228882
0.558954391479
0.560542495728
0.56342578125
0.561649002075
0.563785140991
0.563073959351
0.560563400269
0.558541442871
0.558160888672
0.55904864502
0.558950546265
0.558166091919
0.55587411499
0.555391220093
0.552548568726
0.551433898926
0.546771286011
0.542700546265
0.53904864502
0.53944342041
0.539926635742
0.542403518677
0.540902770996
0.539262252808
0.539206268311
0.536479690552
0.536772033691
0.533761154175
0.531456359863
0.525798629761
0.522806381226
0.520763061523
0.514370864868
0.513093399048
0.514485794067
0.516926010132
0.521571670532
0.521831542969
0.520722808838
0.518977828979
0.519598526001
0.519256942749
0.501912277222
0.499831253052
0.499842849731
0.502822692871
0.502797790527
0.503308349609
0.50265826416
0.505069335938
0.507675506592
0.508843612671
0.509829055786
0.506246307373
0.499275802612
0.497023773193
0.495527984619
0.493929138184
0.496589920044
0.495296035767
0.497081604004
0.492200698853
0.495595809937
0.500334533691
0.499790390015
0.498563613892
0.497227539063
0.494450378418
0.491621841431
0.49269619751
0.49313885498
0.493013870239
0.494896881104
0.496705383301
0.499422805786
0.501224029541
0.501355941772
0.503821746826
0.511416931152
0.515993118286
0.518815567017
0.521586029053
0.521568511963
0.522781295776
0.525300979614
0.526364501953
0.53578427124
0.530699508667
0.530305038452
0.531470748901
0.530769638062
0.529280822754
0.529458724976
0.529648635864
0.529981582642
0.531951293945
0.446370422363
0.439706802368
0.43801512146
0.438156417847
0.436878387451
0.435124511719
0.432851547241
0.431275222778
0.430159301758
0.42377947998
0.421825820923
0.422831665039
0.424298812866
0.421900390625
0.420253738403
0.420120681763
0.417790313721
0.409907043457
0.417611999512
0.409188842773
0.404263168335
0.401141296387
0.401142974854
0.401623260498
0.403289855957
0.405112579346
0.407212722778
0.40703894043
0.406733428955
0.403064025879
0.404867233276
0.415782196045
0.418939605713
0.437514526367
0.438669692993
0.432588287354
0.423106796265
0.421970489502
0.421848297119
0.441196853638
0.459763565063
0.51543321228
0.574915145874
0.651111968994
0.741119400024
0.809309494019
0.854372970581
0.82604385376
0.731279251099
0.633491790771
0.54394694519
0.49286416626
0.463605285645
0.441655334473
0.449347946167
0.4913724823
0.534632858276
0.574262145996
0.637855361938
0.679311248779
0.70331791687
0.714692718506
0.72112046814
0.729860366821
0.729804275513
0.732904953003
0.732690124512
0.733753601074
0.73493321228
0.736090377808
0.73520173645
0.734852920532
0.732552047729
0.733653747559
0.732737075806
0.733580322266
0.734813858032
0.732954788208
0.731387145996
0.732993011475
0.731345932007
0.724039718628
0.721763320923
0.726066833496
0.727326141357
0.732568939209
0.733825500488
0.732131530762
0.731118362427
0.733667282104
0.732896179199
0.73192741394
0.73294152832
0.734046676636
0.733725646973
0.733276412964
0.732716400146
0.73187663269
0.732761932373
0.733144577026
0.734385986328
0.735446868896
0.73496647644
0.734243011475
0.738735153198
0.739533676147
0.741086395264
0.742289123535
0.741674835205
0.741583465576
0.740811386108
0.738364196777
0.73882460022
0.73893421936
0.737422393799
0.737424804687
0.737699172974
0.738751708984
0.738636276245
0.740147186279
0.740432479858
0.739934967041
0.73810697937
0.73741758728
0.73736164856
0.737799438477
0.736658081055
0.734827804565
0.735922698975
0.733642364502
0.734252502441
0.734774261475
0.735660598755
0.735334030151
0.735436965942
0.734819610596
0.733458908081
0.72668359375
0.721130935669
0.719348190308
0.713611373901
0.707687698364
0.700714065552
0.696982254028
0.690876403809
0.683781723022
0.675904495239
0.670167709351
0.66099118042
0.657246810913
0.651574935913
0.647377243042
0.640537536621
0.634947540283
0.62902003479
0.623098236084
0.615524261475
0.604189590454
0.594296081543
0.589922515869
0.585037368774
0.5801275177
0.576248657227
0.567753952026
0.561918151855
0.555918899536
0.551370635986
0.544918228149
0.535438247681
0.530316360474
0.521942153931
0.516071304321
0.508592987061
0.499426116943
0.490053848267
0.479832565308
0.472929550171
0.461743988037
0.45217124939
0.444271606445
0.43729045105
0.429379608154
0.418262466431
0.409851486206
0.401582336426
0.39267036438
0.387821014404
0.375429626465
0.368112609863
0.358977752686
0.350546936035
0.341008132935
0.332915481567
0.325531265259
0.319075927734
0.311781616211
0.304957260132
0.297637954712
0.292801681519
0.287014724731
0.281903411865
0.277904693604
0.270102157593
0.266558441162
0.261227172852
0.258136016846
0.253404907227
0.250009017944
0.245860473633
0.246801971436
0.247079223633
0.243982803345
0.241790771484
0.242535415649
0.241624130249
0.238997970581
0.237223434448
0.237164154053
0.238022521973
0.236366241455
0.236090682983
0.234765075684
0.234925094604
0.235260665894
0.23409564209
0.23309727478
0.232121246338
0.231210449219
0.229090087891
0.228352142334
0.228492752075
0.22855581665
0.229234603882
0.234465774536
0.238855194092
0.293098587036
0.248712844849
0.238019226074
0.23151802063
0.228080276489
0.228096435547
0.22710357666
0.226844009399
0.226610168457
0.227280914307
0.227473815918
0.230498916626
0.230341796875
0.237873397827
0.238476425171
0.315991409302
0.313930770874
0.25391758728
0.254478179932
0.237753219604
0.239286056519
0.230763092041
0.22989932251
0.227407119751
0.226734680176
0.22747605896
0.22799786377
0.226022155762
0.224756622314
0.224673294067
0.223382949829
0.223134521484
0.223261734009
0.222680099487
0.224636749268
0.225326080322
0.225432693481
0.224812210083
0.223376464844
0.221849517822
0.222067687988
0.22344770813
0.223212127686
0.22408694458
0.223553466797
0.221094238281
0.220070251465
0.22123336792
0.22047895813
0.221096359253
0.222845184326
0.22162701416
0.221435028076
0.223172073364
0.221706954956
0.225597839355
0.737932113647
0.738438278198
0.739287109375
0.737143875122
0.736410003662
0.737747619629
0.735393447876
0.739438964844
0.740018203735
0.74180178833
0.718678237915
0.717128677368
0.683296966553
0.684188980103
0.658594268799
0.659012954712
0.656961730957
0.656507736206
0.656832885742
0.655448532104
0.654642715454
0.653427749634
0.654230239868
0.668277709961
0.67000012207
0.679544113159
0.6758253479
0.68593699646
0.687875076294
0.701440231323
0.703562927246
0.720340454102
0.719983505249
0.729272644043
0.728109802246
0.737931671143
0.737790405273
0.743584136963
0.737331375122
0.732061813354
0.733624740601
0.732825363159
0.734573287964
0.737405548096
0.740308334351
0.74367791748
0.749545562744
0.74612197876
0.745899749756
0.741268844604
0.740750274658
0.740667053223
0.741088989258
0.740476257324
0.73737612915
0.744773971558
0.74432522583
0.749142974854
0.748026702881
0.761235076904
0.759965911865
0.789749862671
0.78872052002
0.805852600098
0.809540374756
0.830881591797
0.832082107544
0.861001693726
0.861740859985
0.871986114502
0.872062728882
0.869782623291
0.867784683228
0.868164367676
0.86807270813
0.867548248291
0.868967163086
0.869681945801
0.870429489136
0.869822311401
0.871972686768
0.871191467285
0.871873474121
0.871492340088
0.870027435303
0.868328033447
0.863189254761
0.864664169312
0.867867675781
0.648615661621
0.644858551025
0.647732131958
0.648027648926
0.648777328491
0.648630279541
0.647272384644
0.646402679443
0.642923736572
0.642130187988
0.64487286377
0.646103683472
0.649095855713
0.652567565918
0.654725387573
0.654407272339
0.654319473267
0.650658126831
0.647548797607
0.648878952026
0.649613967896
0.652911224365
0.650139862061
0.65112059021
0.65381842041
0.653510177612
0.649649719238
0.647507675171
0.641950424194
0.638798599243
0.641914352417
0.640543441772
0.638521652222
0.64019758606
0.643345596313
0.644139862061
0.644206283569
0.64342829895
0.641914581299
0.642073516846
0.641603317261
0.643489089966
0.645537475586
0.646343322754
0.647395965576
0.645989105225
0.644185516357
0.645556335449
0.647175048828
0.646910003662
0.646646713257
0.647454650879
0.646636535645
0.645554931641
0.646163192749
0.648844909668
0.649993026733
0.649904418945
0.648535644531
0.646923278809
0.647636611938
0.645995620728
0.646695999146
0.647077560425
0.647421417236
0.64866859436
0.649497467041
0.650350143433
0.652192474365
0.653037185669
0.653817489624
0.653789474487
0.655360092163
0.654556838989
0.655513870239
0.656234649658
0.655289855957
0.653779632568
0.653351394653
0.651686935425
0.6504974823
0.651514801025
0.651755462646
0.653005401611
0.656315002441
0.65625932312
0.657587280273
0.660033660889
0.657986450195
0.658246017456
0.661144241333
0.660424911499
0.660119369507
0.660783432007
0.660991592407
0.658044677734
0.656141555786
0.655743835449
0.654196289063
0.654778564453
0.650824493408
0.650094497681
0.654389511108
0.655355316162
0.659267623901
0.658985809326
0.661081359863
0.66205267334
0.661060760498
0.660897186279
0.664702362061
0.663397903442
0.659423110962
0.658231887817
0.65378565979
0.653800842285
0.650898910522
0.650968795776
0.654296173096
0.656085479736
0.655475692749
0.655770935059
0.656858383179
0.654073394775
0.652179534912
0.656352081299
0.659760284424
0.662347396851
0.662247772217
0.661176956177
0.660563659668
0.663409179687
0.665382705688
0.667061813354
0.668521255493
0.667973709106
0.664728271484
0.668623001099
0.668572036743
0.672257232666
0.675855926514
0.675537719727
0.673213287354
0.665136154175
0.65868572998
0.659986602783
0.662891326904
0.663800292969
0.663379684448
0.663133895874
0.664576278687
0.663469802856
0.662123809814
0.660463378906
0.659488769531
0.65940057373
0.661351623535
0.661320251465
0.661733047485
0.662108688354
0.660885940552
0.65799772644
0.658867828369
0.657197372437
0.656705352783
0.659261764526
0.659969482422
0.660323226929
0.660877059937
0.659831268311
0.6582081604
0.656494659424
0.659818664551
0.660024658203
0.661494338989
0.660122451782
0.659812133789
0.65881098938
0.658896026611
0.658627029419
0.65772013855
0.659793670654
0.658693435669
0.656838775635
0.655873718262
0.654849533081
0.653611984253
0.655330062866
0.644145050049
0.645813613892
0.643519729614
0.642006866455
0.637954727173
0.638016891479
0.639395217896
0.639527679443
0.639455276489
0.636946640015
0.635528610229
0.633287185669
0.631647293091
0.630634780884
0.634337310791
0.633270355225
0.632962173462
0.634735244751
0.634723831177
0.638089477539
0.638491943359
0.636208724976
0.637042053223
0.63730921936
0.638096328735
0.63808732605
0.637080795288
0.637022781372
0.63764743042
0.639238388062
0.639582473755
0.638108932495
0.637685180664
0.633964172363
0.634939529419
0.63491607666
0.63452041626
0.632043334961
0.631661392212
0.631713195801
0.633020629883
0.63276184082
0.63383164978
0.634447357178
0.635506835937
0.632858093262
0.632584991455
0.636424133301
0.636474258423
0.636965499878
0.638822509766
0.6380831604
0.638390457153
0.639027008057
0.639239120483
0.639112579346
0.638839080811
0.638447982788
0.639617630005
0.635153381348
0.635071914673
0.636359527588
0.637245986938
0.636806411743
0.637151412964
0.635781311035
0.636554519653
0.635698165894
0.635539779663
0.635665847778
0.634296157837
0.63267098999
0.62873374939
0.628705932617
0.627451904297
0.62387840271
0.622960144043
0.621502761841
0.621756988525
0.619967544556
0.619344665527
0.617398681641
0.651515548706
0.652464172363
0.653527557373
0.652902084351
0.653095596313
0.651134536743
0.651706848145
0.653011642456
0.653195632935
0.656869232178
0.658332931519
0.656713134766
0.657429275513
0.65958039856
0.656127380371
0.653880706787
0.651688949585
0.651503936768
0.651093063354
0.651368667603
0.651003250122
0.651284301758
0.652849334717
0.653632446289
0.654337753296
0.654499176025
0.652988296509
0.654233261108
0.654169387817
0.65473526001
0.654453201294
0.661761077881
0.661212799072
0.662456192017
0.662112854004
0.662697052002
0.662922607422
0.661670898438
0.661582870483
0.658001052856
0.653985870361
0.653591842651
0.6538722229
0.652644638062
0.642903411865
0.639738830566
0.63541293335
0.633655929565
0.633567565918
0.633929199219
0.635317016602
0.635260803223
0.634404190063
0.633651382446
0.634829727173
0.634941390991
0.635048049927
0.63529574585
0.634346878052
0.635960830688
0.63535383606
0.634863265991
0.636307342529
0.634204742432
0.632326171875
0.632891326904
0.630565292358
0.631532562256
0.631192703247
0.632648712158
0.631142578125
0.631164138794
0.635545074463
0.634744766235
0.635787582397
0.634542098999
0.63205267334
0.629667938232
0.630591110229
0.631328689575
0.628864151001
0.630667373657
0.633392456055
0.634924301147
0.635468978882
0.637248031616
0.639624099731
0.638007598877
0.638768722534
0.63692149353
0.635757858276
0.634586791992
0.632885284424
0.638058044434
0.641496429443
0.64187638855
0.642906539917
0.641527603149
0.640502838135
0.640113601685
0.638125946045
0.637462905884
0.637848434448
0.63686567688
0.638022689819
0.640535552979
0.641222061157
0.64147567749
0.643767578125
0.640694549561
0.641566879272
0.640195129395
0.639726303101
0.640315582275
0.640062515259
0.638651016235
0.638507293701
0.640120513916
0.639464660645
0.640068359375
0.641832748413
0.642549118042
0.642749801636
0.644273132324
0.643772720337
0.644780471802
0.645348236084
0.643225265503
0.6428331604
0.645198303223
0.646085083008
0.645995346069
0.646421508789
0.644403198242
0.644026733398
0.642796096802
0.637974609375
0.632600692749
0.628920074463
0.629589874268
0.624113601685
0.618208587646
0.618140594482
0.608707473755
0.603787826538
0.598005203247
0.598197845459
0.592945159912
0.588537994385
0.578943389893
0.572959075928
0.569108520508
0.570802932739
0.596680526733
0.643708053589
0.64357232666
0.643731948853
0.646707824707
0.651934616089
0.426985534668
0.441703460693
0.448096786499
0.448090713501
0.449353134155
0.448154556274
0.451653396606
0.460421630859
0.462100982666
0.461965820312
0.461975204468
0.462772857666
0.457514205933
0.453746200562
0.459873199463
0.46049697876
0.460491714478
0.458441711426
0.460310913086
0.457152099609
0.456643615723
0.464370162964
0.461812591553
0.460851486206
0.457792572021
0.455801864624
0.457303161621
0.45875692749
0.458699478149
0.459527801514
0.466353363037
0.469951324463
0.465686050415
0.459316635132
0.459167190552
0.457765548706
0.456719024658
0.457210006714
0.455978881836
0.456530883789
0.458403762817
0.460249298096
0.459510131836
0.460826477051
0.458682525635
0.457480209351
0.46012651062
0.460681564331
0.459705154419
0.454597930908
0.457114532471
0.458136642456
0.460414596558
0.467425720215
0.474569107056
0.472699707031
0.472089416504
0.471346969604
0.46366960144
0.458891311646
0.460603164673
0.457602142334
0.458822052002
0.455993011475
0.454770248413
0.454611618042
0.457390350342
0.458504104614
0.461380233765
0.464733642578
0.464988571167
0.459259399414
0.452763137817
0.446679763794
0.444839935303
0.446999969482
0.454451599121
0.466810638428
0.480719909668
0.485546508789
0.481224578857
0.479996765137
0.482036758423
0.483536605835
0.487549682617
0.491439697266
0.498796188354
0.512502227783
0.52410484314
0.528329544067
0.529309051514
0.216378158569
0.2189034729
0.218626495361
0.21645463562
0.217215789795
0.219752838135
0.221499832153
0.220717483521
0.220842102051
0.219904953003
0.221713928223
0.221072982788
0.221161727905
0.2215027771
0.222374923706
0.222341217041
0.220630081177
0.214764099121
0.212996887207
0.210988189697
0.21327746582
0.21433921814
0.214734390259
0.211352233887
0.206912826538
0.207070571899
0.208929397583
0.211024246216
0.211694061279
0.211460845947
0.208431137085
0.206622146606
0.202969238281
0.203129837036
0.203644592285
0.203720489502
0.204290466309
0.205012786865
0.204312438965
0.205377288818
0.205280044556
0.205931427002
0.203918334961
0.205445419312
0.204904998779
0.204138626099
0.207449996948
0.205322570801
0.204397583008
0.207243789673
0.208384658813
0.208710952759
0.210413864136
0.20965776062
0.211319473267
0.213492279053
0.21388571167
0.214101547241
0.214353790283
0.213124542236
0.213179031372
0.212932403564
0.212426742554
0.211723266602
0.20853352356
0.208462722778
0.207770675659
0.207455673218
0.205259307861
0.203479782104
0.202766265869
0.200837280273
0.198852172852
0.199771591187
0.200223983765
0.201524429321
0.205052642822
0.207901321411
0.2093699646
0.209667663574
0.209412231445
0.207491958618
0.204514663696
0.202204788208
0.201950775146
0.201228408813
0.201893600464
0.20293347168
0.203496261597
0.20358442688
0.203397659302
0.20530619812
0.205158279419
0.205754943848
0.20474369812
0.203136306763
0.202125656128
0.20415663147
0.206452209473
0.208005371094
0.211029159546
0.210251525879
0.211275604248
0.211964889526
0.208925216675
0.204972061157
0.201739944458
0.19488684082
0.195570373535
0.195911239624
0.195250198364
0.193762756348
0.19351171875
0.195913406372
0.198572814941
0.199030761719
0.200843963623
0.199806991577
0.197750976562
0.194531799316
0.19528843689
0.194677536011
0.19407611084
0.18992199707
0.188741867065
0.186236236572
0.190741775513
0.190711853027
0.189451095581
0.186887634277
0.19437689209
0.193713775635
0.193943161011
0.19331842041
0.192783660889
0.191984985352
0.19333366394
0.192460235596
0.194058609009
0.194279632568
0.192816360474
0.191100265503
0.183520385742
0.179184494019
0.179088043213
0.171388198853
0.161623886108
0.126303726196
0.107368148804
0.0880791168213
0.079731048584
0.0741622467041
0.0696178894043
0.0658816070557
0.0616496582031
0.0585006561279
0.0547892303467
0.0599215240479
0.0730054016113
0.105277114868
0.131814743042
0.168833953857
0.180544967651
0.178964431763
0.178879074097
0.180565826416
0.590975143433
0.565227386475
0.557107177734
0.555046829224
0.550106033325
0.5483097229
0.547118927002
0.546251586914
0.5454322052
0.545524002075
0.543796737671
0.544331970215
0.544048965454
0.54507244873
0.542699371338
0.537489364624
0.546973449707
0.545727416992
0.548410705566
0.549956283569
0.551865814209
0.552425384521
0.549712753296
0.550578262329
0.549386917114
0.547783966064
0.539019271851
0.545136123657
0.549909576416
0.545797683716
0.545451828003
0.544268447876
0.542968597412
0.544784927368
0.54545425415
0.546322601318
0.54675592041
0.554985137939
0.555048202515
0.555597091675
0.553718414307
0.554360061646
0.552991516113
0.552997589111
0.550927337646
0.552838027954
0.554321899414
0.55593170166
0.555961395264
0.5549246521
0.55971131897
0.557631317139
0.557257110596
0.555773681641
0.554838729858
0.553500595093
0.55443182373
0.553654266357
0.553390060425
0.553436248779
0.554131622314
0.553543640137
0.556834487915
0.556159912109
0.557544265747
0.558252853394
0.559870620728
0.558562301636
0.560415542603
0.560244796753
0.562380706787
0.567028610229
0.568760665894
0.568267105103
0.567864456177
0.5631302948
0.561890274048
0.558281463623
0.558766921997
0.541590423584
0.535404937744
0.496789703369
0.462567947388
0.431575592041
0.388277038574
0.375413742065
0.367003890991
0.362634429932
0.373260452271
0.411304901123
0.451992828369
0.507251846313
0.533127120972
0.585588943481
0.606709243774
0.622438400269
0.627847473145
0.175959503174
0.179934371948
0.182885467529
0.186333557129
0.193423828125
0.19302293396
0.196571136475
0.195914489746
0.197273391724
0.198199890137
0.200271560669
0.201282699585
0.201053955078
0.200972106934
0.198509231567
0.199295379639
0.202479141235
0.204124847412
0.20546244812
0.208213012695
0.212503631592
0.215557617188
0.218229431152
0.22063633728
0.220249099731
0.220840164185
0.224907562256
0.22728604126
0.231903289795
0.235430160522
0.239085479736
0.242015731812
0.243415313721
0.242997085571
0.243551177979
0.24394960022
0.243923080444
0.247831420898
0.248491958618
0.250800140381
0.25493838501
0.258489974976
0.262521820068
0.264951889038
0.266161331177
0.267972229004
0.267946594238
0.269896499634
0.272413452148
0.27595715332
0.278589523315
0.279626876831
0.287736923218
0.289947662354
0.29083241272
0.292330291748
0.292476959229
0.294882522583
0.297680709839
0.300139190674
0.303479370117
0.305909439087
0.309036972046
0.311480987549
0.313252059937
0.315343734741
0.31575189209
0.318634994507
0.319854263306
0.320827957153
0.322795181274
0.323828872681
0.325788772583
0.327445785522
0.327674835205
0.326282226562
0.325265518188
0.325104568481
0.325607299805
0.327461883545
0.328223693848
0.32841204834
0.331241989136
0.328896118164
0.328778533936
0.329231002808
0.328315505981
0.328065597534
0.32661567688
0.324158798218
0.32184602356
0.319915222168
0.315548522949
0.312650527954
0.310472351074
0.308290542603
0.305145797729
0.305033706665
0.304805633545
0.304918258667
0.305597610474
0.302956344604
0.300584869385
0.300153656006
0.297508666992
0.294786697388
0.292521636963
0.289651138306
0.289644897461
0.289379226685
0.289147140503
0.287905334473
0.285766036987
0.285542144775
0.286321365356
0.284826690674
0.283205184937
0.279441421509
0.276939422607
0.272933837891
0.27044039917
0.263627487183
0.258919067383
0.255513427734
0.251753372192
0.247677352905
0.245679931641
0.243578460693
0.243455749512
0.242695983887
0.243376968384
0.239734863281
0.235111846924
0.233437850952
0.227614013672
0.224811904907
0.224664993286
0.220451690674
0.219219100952
0.217972763062
0.219141311646
0.21543649292
0.218762374878
0.218675338745
0.216491622925
0.211137115479
0.208200866699
0.205600799561
0.2051587677
0.207448242187
0.209508804321
0.475075195313
0.472118728638
0.464639678955
0.459604721069
0.455399780273
0.448047973633
0.442432174683
0.435944992065
0.432218276978
0.392592788696
0.381264465332
0.375324768066
0.37498109436
0.376194885254
0.375419586182
0.376205657959
0.382097885132
0.379353759766
0.382438095093
0.382009109497
0.381203643799
0.375639129639
0.377169799805
0.377496307373
0.377197647095
0.375956939697
0.37320161438
0.3804115448
0.388407836914
0.386689743042
0.388916381836
0.389825424194
0.390028564453
0.388752639771
0.388499435425
0.380814819336
0.383167785645
0.383467697144
0.386755508423
0.393127746582
0.394015167236
0.393385513306
0.393080169678
0.389141082764
0.38937991333
0.386382904053
0.384798248291
0.383430801392
0.387949432373
0.39094569397
0.395900177002
0.398724563599
0.400664215088
0.402328552246
0.403650924683
0.399688644409
0.398008666992
0.40770866394
0.415240509033
0.412465621948
0.415190856934
0.415618270874
0.41632383728
0.414190841675
0.414715011597
0.411998596191
0.414883468628
0.417485519409
0.419049453735
0.419750900269
0.420310302734
0.416606781006
0.413949417114
0.4142293396
0.412382202148
0.412306289673
0.411223236084
0.405999237061
0.407683425903
0.404402282715
0.401901733398
0.403721755981
0.407311553955
0.407628234863
0.40125718689
0.396868530273
0.38924118042
0.387354095459
0.383984634399
0.378510498047
0.377443359375
0.375586196899
0.375557067871
0.376097961426
0.376123626709
0.371853485107
0.375717544556
0.37987852478
0.373697433472
0.359779495239
0.355242645264
0.357151519775
0.357511383057
0.358252059937
0.357215133667
0.362983230591
0.357408493042
0.358440414429
0.354759262085
0.35576210022
0.354973693848
0.357119247437
0.355504470825
0.34933631897
0.350374542236
0.350337081909
0.352383529663
0.350603378296
0.344313217163
0.340042770386
0.346484725952
0.343795913696
0.345105728149
0.34165838623
0.336270477295
0.340515426636
0.341395767212
0.343718826294
0.331820373535
0.346363937378
0.362727416992
0.374472930908
0.384956207275
0.388802825928
0.387198730469
0.397168395996
0.407452392578
0.405631912231
0.408146957397
0.413022766113
0.412522659302
0.406778106689
0.411543319702
0.408757293701
0.412738143921
0.404506195068
0.397585968018
0.395243057251
0.401016189575
0.421967651367
0.422965835571
0.422504318237
0.406550811768
0.386002380371
0.361812866211
0.363237197876
0.366325790405
0.364281509399
0.364095626831
0.364288711548
0.367880828857
0.370338668823
0.371991317749
0.370255981445
0.355915664673
0.32983480835
0.333075653076
0.335885574341
0.341758346558
0.34231451416
0.342813079834
0.345059356689
0.343479873657
0.344603775024
0.348945373535
0.350009140015
0.352039016724
0.352269699097
0.358533157349
0.366209030151
0.370705169678
0.377040588379
0.374237731934
0.370543395996
0.365176773071
0.366005935669
0.36264414978
0.365024291992
0.364586395264
0.365596832275
0.369104309082
0.36798197937
0.370324417114
0.373303359985
0.372611816406
0.369599105835
0.369018966675
0.373636703491
0.374906982422
0.375936798096
0.379301956177
0.378316162109
0.381296905518
0.380961669922
0.380647109985
0.383116973877
0.382574035645
0.383537139893
0.384611724854
0.386377029419
0.386566314697
0.391098846436
0.391668655396
0.393412658691
0.396509399414
0.397010986328
0.397777542114
0.391730422974
0.392019165039
0.393078659058
0.391154281616
0.391797225952
0.391414108276
0.388737487793
0.38876373291
0.38701953125
0.388647735596
0.38748890686
0.382991424561
0.374109558105
0.370401641846
0.367997879028
0.36948097229
0.373699874878
0.379407730103
0.381751083374
0.382790115356
0.387098861694
0.388489105225
0.387168899536
0.386789382935
0.386783248901
0.382684707642
0.378520248413
0.372893295288
0.369385467529
0.367156021118
0.365904815674
0.364979187012
0.365998138428
0.368557388306
0.369030273437
0.368888931274
0.37129850769
0.371589859009
0.367709197998
0.366000305176
0.372281829834
0.37362411499
0.368648849487
0.364320922852
0.362233047485
0.362141082764
0.360668045044
0.366028152466
0.364618591309
0.368248291016
0.368905731201
0.369159515381
0.36493081665
0.362791625977
0.355306274414
0.353045684814
0.350143981934
0.350418060303
0.347042358398
0.343992965698
0.34297618103
0.346809005737
0.344766891479
0.344169372559
0.339495239258
0.337409500122
0.332443847656
0.330351852417
0.326620513916
0.323294281006
0.322752075195
0.329102493286
0.330367553711
0.330707962036
0.331816375732
0.32743321228
0.32218838501
0.3225909729
0.314634140015
0.31124458313
0.308989318848
0.36740335083
0.39139541626
0.386300628662
0.384309738159
0.382995010376
0.386643264771
0.406982574463
0.404339782715
0.392658660889
0.390216659546
0.388072860718
0.384104934692
0.38306048584
0.385159545898
0.394982315063
0.400412582397
0.412882827759
0.414053710937
0.39985899353
0.399725372314
0.392994186401
0.300789703369
0.301026809692
0.302632339478
0.303809539795
0.302351608276
0.301444396973
0.302738037109
0.303463790894
0.303326705933
0.303670883179
0.304346313477
0.301680297852
0.303586990356
0.300766265869
0.297715759277
0.296353393555
0.299005325317
0.303851013184
0.302931304932
0.302954544067
0.303785293579
0.305518981934
0.308083480835
0.30729119873
0.307355117798
0.309264709473
0.314553131104
0.317048324585
0.322607803345
0.323076461792
0.31835786438
0.315017837524
0.311630661011
0.309149154663
0.310598739624
0.312480957031
0.31706048584
0.317683395386
0.321747756958
0.322360076904
0.321803665161
0.31816696167
0.315551528931
0.311735107422
0.310311233521
0.307886856079
0.307939743042
0.308346282959
0.309071929932
0.308716094971
0.308232925415
0.308145431519
0.306499450684
0.304859573364
0.305314468384
0.306962677002
0.307593719482
0.308116760254
0.308565872192
0.308033309937
0.307722335815
0.306713317871
0.305186782837
0.30576940918
0.305484909058
0.305747039795
0.305948104858
0.305856079102
0.30443270874
0.304378112793
0.305151992798
0.303987548828
0.303751785278
0.303618759155
0.300395950317
0.301541732788
0.300089492798
0.298635406494
0.298796173096
0.2994894104
0.301150085449
0.301554748535
0.302182281494
0.299869628906
0.30243611145
0.302265472412
0.30254385376
0.302810180664
0.300712524414
0.296680618286
0.293291503906
0.293484954834
0.295777557373
0.295039230347
0.294372573853
0.294182006836
0.292096817017
0.292920837402
0.294254821777
0.293202102661
0.290382476807
0.287771682739
0.684370254517
0.679225921631
0.679113616943
0.671651077271
0.667216690063
0.656166137695
0.655508758545
0.660427307129
0.660223434448
0.661507598877
0.661022369385
0.668035003662
0.671390548706
0.663399978638
0.66120350647
0.648247955322
0.65195854187
0.64237411499
0.642924179077
0.63473890686
0.634084014893
0.636670608521
0.635184082031
0.650524780273
0.663854156494
0.680805892944
0.709633041382
0.727249923706
0.725809020996
0.725953414917
0.726776245117
0.725226318359
0.725657958984
0.725138320923
0.726471679687
0.728287261963
0.727799835205
0.726197967529
0.725968154907
0.724995758057
0.723625366211
0.722756591797
0.725501907349
0.725027297974
0.724140289307
0.723946548462
0.728153244019
0.726303451538
0.728723373413
0.721822235107
0.720972366333
0.712408081055
0.715616958618
0.715249969482
0.715880264282
0.706770858765
0.707893035889
0.711213394165
0.709317596436
0.716119232178
0.716918884277
0.721199798584
0.719946472168
0.720110656738
0.721436569214
0.717001235962
0.717681182861
0.709174255371
0.709319503784
0.705918777466
0.704359741211
0.699342971802
0.699640075684
0.703278579712
0.700630233765
0.692991088867
0.693698944092
0.702376068115
0.704175811768
0.720504852295
0.71948223877
0.723529876709
0.717637481689
0.718855239868
0.723925430298
0.724558151245
0.732516525269
0.7347784729
0.733252807617
0.730325195312
0.728770629883
0.726096893311
0.727733383179
0.724016418457
0.722383666992
0.727272445679
0.725319763184
0.728558303833
0.737871139526
0.73184916687
0.720056930542
0.713764968872
0.714209579468
0.708153503418
0.708931152344
0.698052932739
0.697130096436
0.682644470215
0.683304931641
0.677567321777
0.672741027832
0.675768112183
0.670699645996
0.682503646851
0.673304138184
0.676751953125
0.677399703979
0.714674285889
0.715574279785
0.705149795532
0.710068374634
0.711166168213
0.711803359985
0.720538772583
0.71527116394
0.718808105469
0.721368331909
0.720962997437
0.713004013062
0.716185806274
0.718654083252
0.722634262085
0.72015637207
0.721899536133
0.729199386597
0.725324737549
0.719312225342
0.727830535889
0.716640182495
0.720297927856
0.714905593872
0.715659942627
0.698945327759
0.684869049072
0.681810195923
0.684106369019
0.689539794922
0.699430038452
0.718455810547
0.733874755859
0.747335968018
0.750498321533
0.74779536438
0.748435241699
0.74614956665
0.744659896851
0.739246795654
0.727934906006
0.728400024414
0.734370849609
0.73055796814
0.730256286621
0.731585205078
0.727076202393
0.730049682617
0.73493031311
0.734895751953
0.737870651245
0.739514633179
0.744505752563
0.733493011475
0.723251708984
0.729494064331
0.729816131592
0.727816040039
0.728240585327
0.727184783936
0.724471282959
0.72024772644
0.710010665894
0.710706588745
0.708390258789
0.710885437012
0.709721740723
0.713068786621
0.712410568237
0.710386825562
0.712988937378
0.713828643799
0.709760986328
0.713091995239
0.716692443848
0.719677154541
0.712819610596
0.718971252441
0.718505935669
0.712359924316
0.713785171509
0.720004928589
0.715818435669
0.712937057495
0.710641235352
0.710686737061
0.703308624268
0.700464202881
0.708964385986
0.714574234009
0.71164503479
0.710838745117
0.711044540405
0.71040171814
0.70361831665
0.702780334473
0.69549055481
0.694884719849
0.69116696167
0.691220840454
0.700055725098
0.698052215576
0.69032925415
0.685166946411
0.68035005188
0.684211669922
0.684269226074
0.686636505127
0.684567550659
0.695981460571
0.68851776123
0.686297866821
0.670304153442
0.673339233398
0.682534500122
0.682594009399
0.680907653809
0.678498245239
0.673143829346
0.673647766113
0.674292953491
0.672386032104
0.669014633179
0.6692681427
0.668133361816
0.664463043213
0.661821044922
0.659319107056
0.66222102356
0.669382751465
0.667091674805
0.670319107056
0.665426559448
0.660564300537
0.667776153564
0.667523193359
0.652706954956
0.64851751709
0.645014709473
0.643550048828
0.646892700195
0.648495834351
0.650199584961
0.65432484436
0.650832214355
0.652210296631
0.646225631714
0.642487930298
0.650478439331
0.65594178772
0.655220062256
0.653174423218
0.652857925415
0.655433654785
0.655142471313
0.656056365967
0.655586273193
0.654166702271
0.652038391113
0.644614242554
0.648225906372
0.641576477051
0.641294082642
0.642117385864
0.6421484375
0.647288650513
0.643457839966
0.641578094482
0.64137097168
0.641739028931
0.64657522583
0.651099136353
0.648006607056
0.650292984009
0.653180374146
0.660306777954
0.665843505859
0.665751815796
0.659048095703
0.657080947876
0.657753707886
0.6556980896
0.652450119019
0.652465011597
0.652287963867
0.655159439087
0.655200683594
0.655466964722
0.655320236206
0.659873565674
0.657135437012
0.657008270264
0.660406600952
0.665414398193
0.662932266235
0.669064620972
0.671626754761
0.673090393066
0.670139297485
0.670898147583
0.67444039917
0.678417495728
0.68163067627
0.682655227661
0.687504943848
0.682813537598
0.679787231445
0.679425231934
0.678381546021
0.680060470581
0.684091262817
0.690046508789
0.690106079102
0.688021881104
0.693383346558
0.694985656738
0.701309295654
0.712537994385
0.712518081665
0.717900680542
0.718300888062
0.715033721924
0.72088269043
0.714266830444
0.713248168945
0.713231552124
0.712578964233
0.715190505981
0.707897979736
0.707754959106
0.706359619141
0.709351715088
0.713231765747
0.706920562744
0.70313520813
0.702713729858
0.700148117065
0.700094573975
0.702483901978
0.70650239563
0.712285263062
0.717761260986
0.715458328247
0.716355773926
0.711443237305
0.709902511597
0.713744400024
0.712345748901
0.716333099365
0.719708938599
0.720923431396
0.721167526245
0.731598236084
0.731834960937
0.732612716675
0.732930145264
0.730569869995
0.727646850586
0.729747253418
0.729723587036
0.732116851807
0.729597015381
0.731229187012
0.733524841309
0.727008163452
0.724194320679
0.715542129517
0.712469024658
0.708243057251
0.709855545044
0.713796539307
0.710008972168
0.71076361084
0.713910919189
0.711328063965
0.704319244385
0.704392166138
0.715723098755
0.718165786743
0.717179199219
0.71573550415
0.717910385132
0.710367233276
0.713973022461
0.714736633301
0.72051725769
0.724155395508
0.727262756348
0.730676177979
0.729664764404
0.729888931274
0.731355987549
0.729346633911
0.728753662109
0.729587036133
0.730363769531
0.728191314697
0.731423690796
0.732807098389
0.734995056152
0.736034286499
0.73575138855
0.735199493408
0.737713821411
0.734479156494
0.733402114868
0.736358428955
0.736887985229
0.737915374756
0.738631256104
0.733504013062
0.736230407715
0.737095428467
0.731921829224
0.730958145142
0.735534500122
0.738659164429
0.737342727661
0.739754425049
0.738822662354
0.742160507202
0.741480926514
0.741540664673
0.744199111938
0.743642822266
0.742808578491
0.740240829468
0.742914428711
0.742007781982
0.740181121826
0.731348922729
0.727391601562
0.727277572632
0.727134277344
0.730196914673
0.730677062988
0.731150817871
0.731443832397
0.728790344238
0.728981170654
0.731033782959
0.722788467407
0.71377293396
0.71603918457
0.717871658325
0.718753860474
0.718072479248
0.716786056519
0.712564880371
0.703069580078
0.700605361938
0.699338684082
0.700724319458
0.698033660889
0.697881637573
0.69080178833
0.683077133179
0.685598358154
0.690732116699
0.690043823242
0.687564529419
0.683570968628
0.682792495728
0.68570614624
0.683999725342
0.680057235718
0.683060928345
0.684147537231
0.683392410278
0.681852645874
0.682764801025
0.682478256226
0.683489013672
0.685774337769
0.685048171997
0.681696746826
0.68116456604
0.680324584961
0.678000152588
0.677281951904
0.677231155396
0.676599121094
0.674640701294
0.677802978516
0.679832595825
0.680176681519
0.679565048218
0.681897872925
0.684540649414
0.686098861694
0.683108383179
0.68469670105
0.683203445435
0.687130065918
0.680128326416
0.678983215332
0.67773651123
0.678335830688
0.678498886108
0.678468994141
0.679042160034
0.677952194214
0.677022476196
0.679452072144
0.678451095581
0.679076797485
0.67445652771
0.673347457886
0.676306259155
0.678799362183
0.679210189819
0.679801177979
0.681200164795
0.682581710815
0.683429718018
0.673958358765
0.671543518066
0.672387237549
0.672163711548
0.677990570068
0.67990737915
0.673696121216
0.673082382202
0.676823425293
0.681996047974
0.678357589722
0.678684539795
0.677737869263
0.682925521851
0.679568954468
0.677962677002
0.68213722229
0.679593048096
0.678137191772
0.675307739258
0.67786605835
0.684993606567
0.694901199341
0.7004506073
0.703296218872
0.707282058716
0.697400466919
0.694744110107
0.696809417725
0.554470550537
0.556049194336
0.561094711304
0.563998001099
0.558737991333
0.558671966553
0.556641479492
0.556368515015
0.549636779785
0.551120544434
0.550113250732
0.555460525513
0.549055648804
0.549117401123
0.548157424927
0.549622543335
0.54880696106
0.544184005737
0.541871566772
0.544700119019
0.550186828613
0.546489273071
0.54358039856
0.542377502441
0.539809509277
0.53881678772
0.54352796936
0.544793136597
0.54266835022
0.544296920776
0.542523468018
0.543741607666
0.543994644165
0.542946075439
0.545486495972
0.541658630371
0.542531219482
0.540747268677
0.544098617554
0.544279052734
0.541984130859
0.546666946411
0.546006576538
0.548584625244
0.55054800415
0.552161895752
0.552337051392
0.554708938599
0.561168716431
0.559918365479
0.558015991211
0.558050186157
0.558377761841
0.558813690186
0.557703140259
0.552980484009
0.558613449097
0.556904678345
0.554785125732
0.556657043457
0.551413223267
0.551707733154
0.545771606445
0.5462447052
0.543974517822
0.542707183838
0.545668838501
0.540213058472
0.536901763916
0.538230682373
0.546153411865
0.546122512817
0.550909973145
0.549314193726
0.562793746948
0.571602783203
0.577720626831
0.571193878174
0.563767913818
0.564433807373
0.550766738892
0.547477142334
0.542172485352
0.538361801147
0.531618026733
0.534902389526
0.546119018555
0.538290313721
0.552739593506
0.552730667114
0.560695114136
0.559370040894
0.580315368652
0.581524902344
0.593314865112
0.58895149231
0.588009460449
0.586527297974
0.604726043701
0.606146255493
0.616215545654
0.611500930786
0.634434967041
0.633259048462
0.644007781982
0.636036346436
0.640397399902
0.638831619263
0.640464370728
0.639602508545
0.64691583252
0.64774331665
0.651919494629
0.657578598022
0.653554473877
0.65402482605
0.662300613403
0.65785949707
0.656672485352
0.652285247803
0.649543914795
0.653291641235
0.669065979004
0.661598098755
0.654056549072
0.653875915527
0.654527282715
0.654050567627
0.6557081604
0.657813308716
0.657488006592
0.658916259766
0.65075831604
0.649194015503
0.655740219116
0.645380645752
0.645169250488
0.64406111145
0.64758152771
0.647301345825
0.655708282471
0.65613734436
0.658960083008
0.658436279297
0.657761642456
0.65979133606
0.659145370483
0.655778625488
0.652548690796
0.649024627686
0.648113418579
0.647536315918
0.646971328735
0.645088272095
0.639818939209
0.639795913696
0.644063796997
0.644856399536
0.649386993408
0.648819198608
0.646117492676
0.649760696411
0.656230422974
0.648527404785
0.644925979614
0.649554000854
0.656284072876
0.652679153442
0.655200668335
0.655926116943
0.657505508423
0.652391143799
0.658441772461
0.660543029785
0.659937759399
0.660242675781
0.657910003662
0.657540390015
0.657416702271
0.652293106079
0.653605163574
0.653145355225
0.657710342407
0.657157455444
0.648007827759
0.646005371094
0.647955535889
0.646871551514
0.653463531494
0.652487991333
0.646238647461
0.644748825073
0.643158111572
0.638967330933
0.641598434448
0.644598999023
0.650289276123
0.652399841309
0.653362731934
0.648426101685
0.641836273193
0.645453063965
0.650030273437
0.652167358398
0.655737182617
0.655793426514
0.656869033813
0.654983978271
0.656006790161
0.658424514771
0.662068786621
0.662463104248
0.654097244263
0.653138244629
0.654518005371
0.653799194336
0.652321060181
0.650582794189
0.645781524658
0.643641311646
0.643375869751
0.645066436768
0.644494812012
0.649636932373
0.658846191406
0.655895935059
0.656160919189
0.660739318848
0.652179351807
0.650274490356
0.655959884644
0.658052719116
0.660009277344
0.662165161133
0.664591323853
0.665281143188
0.670659423828
0.667577438354
0.668860458374
0.666051895142
0.669360702515
0.669269821167
0.666885253906
0.670877929688
0.666552581787
0.66125163269
0.663950759888
0.670074676514
0.671529434204
0.667953155518
0.66648147583
0.65998348999
0.65929447937
0.656239059448
0.648311035156
0.64797505188
0.649338409424
0.647941741943
0.647864974976
0.648032958984
0.647886444092
0.646160217285
0.642493057251
0.641982666016
0.644006057739
0.64160446167
0.640887481689
0.639475494385
0.637670959473
0.636801620483
0.630966812134
0.626581573486
0.617655456543
0.616042709351
0.612482116699
0.607898620605
0.607522888184
0.602850967407
0.601627288818
0.597538314819
0.601297805786
0.60394241333
0.607873580933
0.607068466187
0.609223342896
0.608046859741
0.604899749756
0.601097702026
0.595168319702
0.591827896118
0.587684432983
0.586489547729
0.583138916016
0.581166229248
0.581609359741
0.577237838745
0.575892608643
0.578073852539
0.582146530151
0.572102478027
0.579175445557
0.577094207764
0.580256591797
0.58826965332
0.591017791748
0.582506088257
0.581544723511
0.579458969116
0.581376235962
0.581828887939
0.579796264648
0.580079284668
0.576908096313
0.576899887085
0.574185577393
0.56931237793
0.572799682617
0.571594589233
0.568514053345
0.567442382813
0.568756072998
0.562673370361
0.552152374268
0.550014862061
0.550239456177
0.545031158447
0.543361373901
0.544953659058
0.548661026001
0.546493011475
0.548731994629
0.549791748047
0.551694076538
0.553820755005
0.551031585693
0.553521881104
0.55280708313
0.554685394287
0.561121292114
0.564366149902
0.565399368286
0.568946609497
0.570745269775
0.569708206177
0.571585800171
0.573777252197
0.574291412354
0.573487594604
0.572924667358
0.573484893799
0.57166355896
0.571345397949
0.574430755615
0.574445281982
0.57350994873
0.571405319214
0.568979476929
0.573033950806
0.574089065552
0.578134033203
0.581547729492
0.582277664185
0.582360534668
0.584376174927
0.588409393311
0.590169967651
0.592914810181
0.592638214111
0.589871627808
0.583743667603
0.580494216919
0.574532089233
0.574947692871
0.574408676147
0.575311401367
0.577310409546
0.574947097778
0.575226959229
0.578021789551
0.578236557007
0.581156188965
0.585212921143
0.585925537109
0.585607727051
0.588645172119
0.591301330566
0.592653182983
0.595935317993
0.5968074646
0.601226074219
0.599327651978
0.590497558594
0.587957443237
0.587703887939
0.584840301514
0.58335508728
0.582695571899
0.579841751099
0.579503173828
0.577607421875
0.578172576904
0.578933273315
0.587211242676
0.591694580078
0.594925750732
0.597845108032
0.603424880981
0.605578735352
0.609626708984
0.60865802002
0.608779403687
0.608000656128
0.605666305542
0.608220657349
0.610073471069
0.60756098938
0.606140304565
0.608024459839
0.607054656982
0.60668170166
0.602690444946
0.602053970337
0.601021377563
0.60156791687
0.603776443481
0.609285202026
0.614256103516
0.615327346802
0.616276855469
0.615217102051
0.614205871582
0.613112411499
0.615568252563
0.614472625732
0.614951202393
0.616141281128
0.619450683594
0.621086227417
0.617737640381
0.615244766235
0.612601837158
0.615569900513
0.619085098267
0.623162338257
0.627715789795
0.631374328613
0.633625717163
0.640215530396
0.649566345215
0.654749679565
0.663104736328
0.668087219238
0.671203445435
0.673247924805
0.675043884277
0.674965591431
0.678013595581
0.680719787598
0.684125396729
0.687006881714
0.689223937988
0.691280929565
0.69342427063
0.693141952515
0.692665283203
0.693642745972
0.691849090576
0.691613113403
0.695795425415
0.698140457153
0.699180419922
0.745156082153
0.72091746521
0.713612503052
0.712823043823
0.712917999268
0.712445541382
0.71178894043
0.711049102783
0.710172988892
0.709574172974
0.709204147339
0.710353256226
0.709055862427
0.708291091919
0.708813766479
0.710958724976
0.712479492188
0.62805430603
0.629901184082
0.628398788452
0.626740432739
0.628206390381
0.630235198975
0.632032211304
0.635518432617
0.636459884644
0.635026153564
0.637201004028
0.637195877075
0.637739746094
0.640549865723
0.639797225952
0.640780181885
0.640994003296
0.646033752441
0.646532440186
0.656927581787
0.656289093018
0.663598480225
0.667255096436
0.675265640259
0.675193084717
0.673456130981
0.669981018066
0.668693054199
0.668336029053
0.664665100098
0.662382019043
0.660785476685
0.661454544067
0.663298858643
0.661558029175
0.651122512817
0.649654724121
0.641619049072
0.64195715332
0.636641525269
0.6373228302
0.637184967041
0.63751953125
0.632660018921
0.630682373047
0.62478616333
0.624720077515
0.624560043335
0.623877655029
0.61966468811
0.620213485718
0.612943710327
0.612652053833
0.605274871826
0.60397869873
0.596328536987
0.595987548828
0.591468170166
0.592300445557
0.587089935303
0.588917327881
0.584597747803
0.583606369019
0.582623382568
0.581877685547
0.582455474854
0.585665435791
0.582283584595
0.581819946289
0.580480010986
0.584355804443
0.588471099854
0.587972549438
0.585145462036
0.583124389648
0.582039138794
0.581571670532
0.581868255615
0.581981750488
0.582864776611
0.581370544434
0.581765975952
0.581265487671
0.57751864624
0.575093490601
0.57224822998
0.572071929932
0.571107177734
0.570411697388
0.570826339722
0.569868621826
0.569781494141
0.57013911438
0.569516921997
0.570718429565
0.570185241699
0.569807739258
0.572218841553
0.574397338867
0.578932830811
0.580660736084
0.582677200317
0.581318069458
0.582630691528
0.588988464355
0.588347824097
0.588214889526
0.597309051514
0.597976043701
0.601187805176
0.600650726318
0.599208023071
0.60017036438
0.602167922974
0.601743057251
0.598256637573
0.595593887329
0.592178070068
0.592186355591
0.590039978027
0.590582885742
0.592378112793
0.591998260498
0.593301132202
0.59237298584
0.589016220093
0.587814437866
0.590228149414
0.591943283081
0.588990539551
0.58978994751
0.594124435425
0.594567810059
0.599396392822
0.598791885376
0.603509048462
0.602398696899
0.604614685059
0.605570999146
0.615581787109
0.617209121704
0.616164138794
0.615397155762
0.612326324463
0.611008728027
0.612398452759
0.611829483032
0.612432937622
0.613652603149
0.594476745605
0.597545715332
0.585002761841
0.585049926758
0.584965927124
0.583545303345
0.58646295166
0.584780212402
0.584147033691
0.583543685913
0.591372360229
0.5930365448
0.597644973755
0.598597549438
0.600061767578
0.598641555786
0.600997619629
0.599061691284
0.597531539917
0.595322692871
0.596986083984
0.597287841797
0.598390106201
0.599176879883
0.602184143066
0.600995529175
0.59980519104
0.598522003174
0.598423660278
0.59764465332
0.594219619751
0.596806518555
0.598974960327
0.602568130493
0.606664520264
0.607736312866
0.605008270264
0.605348739624
0.609592788696
0.610524154663
0.612839614868
0.612305358887
0.616229171753
0.616760452271
0.618416015625
0.618113861084
0.61398550415
0.6089478302
0.605680847168
0.605899108887
0.605894104004
0.606790802002
0.603165679932
0.601485458374
0.610091125488
0.616927352905
0.616907073975
0.615910720825
0.620331481934
0.619999450684
0.620600494385
0.619544784546
0.620949035645
0.619017044067
0.620704788208
0.620368545532
0.620165847778
0.619758239746
0.617778167725
0.617835159302
0.616699386597
0.619023880005
0.616823913574
0.616553497314
0.617184173584
0.611117355347
0.607699386597
0.608927124023
0.614169876099
0.618809539795
0.619116638184
0.617865402222
0.620764144897
0.622052627563
0.622235473633
0.623435714722
0.625832458496
0.624037246704
0.625802688599
0.626086242676
0.624495254517
0.623826553345
0.624968322754
0.62365071106
0.62114276123
0.623627883911
0.626509033203
0.626536560059
0.625819854736
0.625366790771
0.625710952759
0.622993469238
0.630291610718
0.631002502441
0.629967834473
0.629810302734
0.629011825562
0.632142471313
0.632705062866
0.629771942139
0.626487548828
0.626558853149
0.621460418701
0.620250640869
0.623384307861
0.62429296875
0.626510299683
0.622241317749
0.61932522583
0.621654403687
0.624028381348
0.623370437622
0.624799301147
0.628774612427
0.627749038696
0.629170196533
0.627767089844
0.625670257568
0.625079879761
0.625256164551
0.626377197266
0.628618255615
0.628890060425
0.628027145386
0.629402908325
0.63199458313
0.625700744629
0.455052734375
0.456691925049
0.457673324585
0.461226928711
0.460818634033
0.45951335144
0.458057434082
0.457965621948
0.458134857178
0.459087097168
0.460149627686
0.458948913574
0.454932922363
0.455001708984
0.454557006836
0.455104156494
0.454334579468
0.45439074707
0.457791687012
0.459476699829
0.462418609619
0.459695083618
0.461096298218
0.459485427856
0.460038085937
0.460773696899
0.461856903076
0.461560531616
0.462278366089
0.464718261719
0.464429977417
0.465444976807
0.467253082275
0.468367202759
0.465042205811
0.462867019653
0.468476470947
0.46909197998
0.47774029541
0.478046829224
0.482983840942
0.483387817383
0.48215864563
0.47879246521
0.476004425049
0.476016204834
0.475850189209
0.47518107605
0.475102584839
0.475009140015
0.473397903442
0.471892913818
0.477602355957
0.481426330566
0.488608779907
0.487647537231
0.48288671875
0.484803085327
0.486171310425
0.48384942627
0.469534393311
0.477653182983
0.481570663452
0.489127624512
0.489201522827
0.487229629517
0.487709869385
0.488246398926
0.484833099365
0.486123687744
0.489513885498
0.4960337677
0.500589294434
0.511772598267
0.526778900146
0.525287521362
0.524077331543
0.521315582275
0.522117538452
0.516715774536
0.514162002563
0.515416366577
0.513629928589
0.510120025635
0.509592041016
0.50979901123
0.512270721436
0.512178497314
0.506672058105
0.508466217041
0.510713897705
0.513014755249
0.50788520813
0.503470535278
0.500932785034
0.501840896606
0.503709991455
0.501787719727
0.505265335083
0.504449508667
0.505884628296
0.503046951294
0.501897750854
0.50200390625
0.500680343628
0.497912155151
0.498394989014
0.496279937744
0.495793045044
0.497437683105
0.497261535645
0.49571144104
0.497535232544
0.502277755737
0.505935913086
0.506097167969
0.502033538818
0.502334014893
0.502231277466
0.502756011963
0.501329666138
0.5015287323
0.501352462769
0.502429992676
0.503186035156
0.499266937256
0.499694091797
0.497879104614
0.492136016846
0.487684570313
0.492401702881
0.491533843994
0.491246185303
0.490917678833
0.483404159546
0.481727523804
0.475061813354
0.47551902771
0.47453855896
0.473314682007
0.470430801392
0.469505569458
0.471699203491
0.473091171265
0.474446014404
0.474308685303
0.475144500732
0.47789994812
0.477313964844
0.477984176636
0.484555252075
0.485109954834
0.491965591431
0.492623153687
0.489978775024
0.488220779419
0.484865188599
0.485436553955
0.482787689209
0.482214172363
0.484646774292
0.486274139404
0.48391394043
0.482916412354
0.483789016724
0.485604354858
0.480667541504
0.480353744507
0.478121627808
0.479281967163
0.479216323853
0.476208145142
0.481418106079
0.481849884033
0.485441574097
0.486282333374
0.485287155151
0.483428939819
0.485165008545
0.484872772217
0.478601196289
0.47796055603
0.481060241699
0.482036758423
0.481947540283
0.480270492554
0.481288269043
0.480968719482
0.460431274414
0.442364303589
0.395201950073
0.333348114014
0.235837097168
0.160647583008
0.0900536956787
0.0579451751709
0.0448484649658
0.041799621582
0.0383534851074
0.0352633056641
0.0353150177002
0.0348980407715
0.0456742858887
0.0577199859619
0.0824358673096
0.118327255249
0.178890335083
0.260988555908
0.380169830322
0.563948394775
0.711545623779
0.790879104614
0.805552352905
0.804593688965
0.803914993286
0.802415664673
0.800906768799
0.802838241577
0.80153565979
0.800038726807
0.798731445313
0.800145431519
0.800026397705
0.799184677124
0.802960403442
0.805960647583
0.809694137573
0.812451309204
0.812570419312
0.811977264404
0.812818252563
0.812485015869
0.812227386475
0.81363458252
0.814375137329
0.812539459229
0.812584991455
0.812008331299
0.812530853271
0.810429428101
0.807332626343
0.803364181519
0.802779403687
0.803810577393
0.807489685059
0.807084732056
0.806703292847
0.806541503906
0.805477813721
0.805872375488
0.806508728027
0.805151016235
0.804802062988
0.805427307129
0.803028915405
0.802591415405
0.804835601807
0.805780487061
0.806528396606
0.809721694946
0.812135360718
0.811982666016
0.811108016968
0.811167999268
0.811082489014
0.810553787231
0.812621383667
0.813582641602
0.81125491333
0.810886764526
0.813549407959
0.812658172607
0.811083145142
0.807408828735
0.803865219116
0.803085540771
0.805862838745
0.805100067139
0.803768753052
0.804098846436
0.805837265015
0.80731072998
0.807051223755
0.803833374023
0.803979370117
0.804213043213
0.803663040161
0.803361694336
0.803036376953
0.800987716675
0.800155639648
0.800380691528
0.800549667358
0.800107681274
0.80036000061
0.800807159424
0.802449890137
0.805570907593
0.803687713623
0.801377609253
0.800502578735
0.800542633057
0.802273132324
0.801283859253
0.802020782471
0.801476165771
0.799962387085
0.800994918823
0.800802947998
0.798266036987
0.799146469116
0.801183654785
0.800071044922
0.802424377441
0.802020584106
0.808717422485
0.810686096191
0.821615783691
0.822333328247
0.822541305542
0.820817672729
0.818992828369
0.817241287231
0.815915649414
0.812955673218
0.809135375977
0.806001693726
0.806319549561
0.809630142212
0.809231369019
0.808695449829
0.809052261353
0.807757125854
0.807839370728
0.805548233032
0.806541412354
0.805335006714
0.806216995239
0.809402603149
0.81332131958
0.815224517822
0.814495407104
0.815422103882
0.814482391357
0.814649765015
0.805159835815
0.811991897583
0.810687957764
0.809741821289
0.810295654297
0.809555236816
0.809921356201
0.811770263672
0.809123703003
0.797640701294
0.78228012085
0.774467102051
0.768615158081
0.76901550293
0.768825302124
0.767828521729
0.757661849976
0.752511764526
0.750323852539
0.752197937012
0.756224029541
0.753138031006
0.752468429565
0.752571044922
0.754956069946
0.754643661499
0.75519921875
0.762928482056
0.769326400757
0.783810806274
0.794238067627
0.801625396729
0.804940887451
0.806739883423
0.806132537842
0.807470977783
0.808892852783
0.808991577148
0.808041412354
0.807102371216
0.80465045166
0.792221237183
0.777496109009
0.76943119812
0.759430435181
0.763136413574
0.764542861938
0.761048858643
0.751437637329
0.747978988647
0.742938430786
0.743420654297
0.74476965332
0.744825897217
0.744134353638
0.746068466187
0.752450485229
0.755764801025
0.757473342896
0.755978729248
0.750860992432
0.745088775635
0.738641204834
0.75484173584
0.760828231812
0.770676040649
0.773324813843
0.776972839355
0.771458053589
0.764701522827
0.760239944458
0.759205154419
0.760518554688
0.758296691895
0.754156433105
0.752428009033
0.749289672852
0.744808410645
0.724949813843
0.701071426392
0.680122436523
0.662910751343
0.66012059021
0.656081466675
0.650803161621
0.644504379272
0.639574554443
0.636760803223
0.634766311646
0.630858963013
0.626071166992
0.624006118774
0.61123034668
0.601342147827
0.599196350098
0.586846954346
0.570789306641
0.562232849121
0.556188842773
0.546272644043
0.535894668579
0.523113830566
0.514665344238
0.506215545654
0.492282302856
0.484387374878
0.467830566406
0.454190765381
0.440691482544
0.429449554443
0.730597640991
0.731274810791
0.738464828491
0.734975662231
0.754028106689
0.754659698486
0.751086898804
0.750795669556
0.752141540527
0.752049880981
0.75244833374
0.751168716431
0.74786605835
0.749775512695
0.745922988892
0.748838287354
0.751357269287
0.751105422974
0.749329452515
0.756708679199
0.75783984375
0.756239120483
0.761816162109
0.761994430542
0.759706344604
0.756868927002
0.758282714844
0.757846725464
0.768875152588
0.770465606689
0.772065032959
0.766233734131
0.771492996216
0.775669372559
0.778127807617
0.777955154419
0.783410217285
0.785229812622
0.781603927612
0.780034500122
0.767342056274
0.766125473022
0.774006149292
0.777331710815
0.772565551758
0.769833496094
0.761270141602
0.762093063354
0.763510742188
0.772394134521
0.760861495972
0.75978074646
0.761485351563
0.764708312988
0.755929122925
0.754841125488
0.769249084473
0.772125640869
0.769299438477
0.766555084229
0.770087966919
0.770768859863
0.775942886353
0.775553146362
0.772462615967
0.771130874634
0.772562637329
0.77847467041
0.775171264648
0.770366714478
0.768504653931
0.774894897461
0.773966049194
0.771532302856
0.772019424438
0.772410736084
0.789920883179
0.79413243103
0.795238937378
0.788937835693
0.788656585693
0.788510040283
0.793644104004
0.793117111206
0.799259918213
0.799343734741
0.792280227661
0.791686187744
0.793087387085
0.794395126343
0.800027664185
0.79917477417
0.802723907471
0.802647262573
0.802597351074
0.800748092651
0.796913528442
0.796696273804
0.781456008911
0.783000732422
0.779872390747
0.779825698853
0.777896362305
0.77594883728
0.767862457275
0.769671524048
0.757701477051
0.759300598145
0.756141571045
0.756631484985
0.738341918945
0.7443853302
0.744895812988
0.73439743042
0.730773544312
0.721423706055
0.7208203125
0.705552246094
0.705852249146
0.697026123047
0.693405639648
0.690961364746
0.692386016846
0.691937438965
0.694490966797
0.696314178467
0.691026382446
0.682053604126
0.683446655273
0.680274932861
0.679004302979
0.675542114258
0.679424606323
0.679187774658
0.679855407715
0.681757919312
0.683192352295
0.682204650879
0.682999572754
0.684938583374
0.68468812561
0.67859274292
0.680685699463
0.67736390686
0.676033737183
0.668895812988
0.669443206787
0.665955825806
0.665328781128
0.658757751465
0.659566650391
0.647125076294
0.647184356689
0.645701263428
0.644472640991
0.641756027222
0.64067527771
0.634597869873
0.634367614746
0.624689437866
0.625245529175
0.619994171143
0.619302932739
0.623278701782
0.623546203613
0.627444137573
0.62497114563
0.63076499939
0.630003189087
0.633910110474
0.636621307373
0.636697494507
0.647334960937
0.649062973022
0.658881286621
0.663001296997
0.676204208374
0.676283477783
0.682851699829
0.685351669312
0.683418899536
0.684389022827
0.689930709839
0.690571960449
0.686301727295
0.68576184082
0.68626651001
0.686021011353
0.682725708008
0.680971969604
0.681854507446
0.68339302063
0.678960250854
0.67893145752
0.683089736938
0.685162002563
0.685985794067
0.684187637329
0.679979660034
0.680497299194
0.68231187439
0.68066595459
0.681880172729
0.684184402466
0.690268783569
0.690671829224
0.673425888062
0.673485443115
0.655216064453
0.655861557007
0.651896530151
0.651837692261
0.652026626587
0.651876724243
0.633060577393
0.635861999512
0.644339492798
0.646735397339
0.63930406189
0.641589385986
0.655012649536
0.655657730103
0.649379196167
0.649010971069
0.644523254395
0.645662063599
0.637777481079
0.639472045898
0.627605255127
0.628319671631
0.614973403931
0.616516708374
0.606274017334
0.606701049805
0.594210037231
0.595570541382
0.592659713745
0.593009765625
0.587640777588
0.587704910278
0.584008239746
0.585455917358
0.579629669189
0.580599868774
0.575269454956
0.577248580933
0.572150146484
0.573363952637
0.573395889282
0.573996841431
0.570373443604
0.571478515625
0.570213928223
0.572602096558
0.574239242554
0.573870941162
0.577067260742
0.422835098267
0.424924301147
0.425289169312
0.435448471069
0.432565765381
0.450521560669
0.449353408813
0.46124331665
0.461537826538
0.453312942505
0.453268341064
0.445519592285
0.445728622437
0.441660507202
0.440243652344
0.430577728271
0.430560379028
0.416631576538
0.418912734985
0.427662658691
0.427169815063
0.436904541016
0.438695343018
0.456288970947
0.453885223389
0.465962402344
0.465537216187
0.467169281006
0.466552307129
0.458203414917
0.457698730469
0.451219863892
0.452062408447
0.450044540405
0.449238342285
0.44384538269
0.446258666992
0.459665466309
0.463256912231
0.465365615845
0.464279541016
0.457684616089
0.45525793457
0.446691192627
0.447003433228
0.451381393433
0.45115145874
0.460404037476
0.462120849609
0.460127334595
0.459762939453
0.439457046509
0.440876846313
0.434536834717
0.438269302368
0.418770477295
0.418400039673
0.422993438721
0.421186172485
0.42515737915
0.417049835205
0.413732772827
0.413925521851
0.418046218872
0.420981430054
0.412816070557
0.412391723633
0.406395217896
0.408210601807
0.415707458496
0.413175292969
0.420905273438
0.408326004028
0.394745178223
0.396065444946
0.40877822876
0.407883087158
0.409992233276
0.409941314697
0.416851486206
0.416521972656
0.425922943115
0.42467036438
0.42683644104
0.426897506714
0.434798736572
0.434526229858
0.441243850708
0.439626174927
0.441174346924
0.442286148071
0.445682006836
0.444300445557
0.444333374023
0.444366226196
0.449490966797
0.450019973755
0.442166931152
0.44264352417
0.459720733643
0.459637985229
0.476512680054
0.477731842041
0.460484634399
0.461867523193
0.430685150146
0.433246063232
0.422327545166
0.420194503784
0.40586769104
0.401952758789
0.405849761963
0.402111923218
0.420425109863
0.421599822998
0.4307681427
0.429729614258
0.443828582764
0.443512771606
0.459441467285
0.461203735352
0.467186645508
0.467197296143
0.470299179077
0.470706451416
0.468576156616
0.467253112793
0.452565567017
0.453371841431
0.461816650391
0.463123977661
0.463073745728
0.463420196533
0.470081085205
0.471766464233
0.466743453979
0.465188400269
0.45823109436
0.458601318359
0.458501922607
0.45879006958
0.448878997803
0.449848419189
0.455392654419
0.441954238892
0.433780410767
0.426711990356
0.410060516357
0.410068313599
0.392259552002
0.389807540894
0.371012557983
0.370920822144
0.369281692505
0.377289489746
0.368055419922
0.382296813965
0.382558807373
0.382867660522
0.380288696289
0.386504379272
0.38553465271
0.393260604858
0.399190185547
0.401425491333
0.400202102661
0.402376968384
0.403025390625
0.410040008545
0.409780654907
0.415732345581
0.414957839966
0.421947525024
0.418471389771
0.416149993896
0.412749603271
0.420352783203
0.426439498901
0.444353759766
0.444815582275
0.422515426636
0.423564956665
0.416212173462
0.416264434814
0.41542326355
0.416067733765
0.410604690552
0.407751922607
0.409248138428
