8.27947
14.1595
18.3195
49.1195
61.3995
64.5995
77.5995
85.0395
95.5595
97.7195
109.359
112.919
125.479
130.079
133.719
140.359
144.239
150.279
156.239
163.039
167.119
189.559
199.719
209.079
215.439
220.519
238.719
248.999
258.279
258.359
258.919
259.519
264.079
268.999
276.199
276.559
280.759
282.399
289.319
291.239
291.319
291.399
291.479
291.559
291.639
291.719
291.879
299.359
299.679
303.119
306.679
315.079
317.799
321.679
348.399
361.359
363.999
369.239
376.039
378.279
385.919
392.399
396.479
401.439
403.719
405.319
405.399
405.559
405.639
405.919
409.879
411.079
412.079
412.879
414.359
421.279
430.439
433.279
441.239
444.479
453.479
460.879
469.679
473.159
475.799
476.839
483.359
492.879
501.759
513.199
515.879
518.799
520.359
530.559
533.239
537.919
543.199
546.799
549.119
552.999
562.279
577.679
583.639
589.399
599.079
600.079
609.599
610.159
610.279
621.279
625.239
647.239
649.439
657.719
677.559
681.159
686.599
686.679
688.799
691.599
691.679
691.839
692.159
698.199
700.199
707.799
711.239
720.999
724.159
727.879
737.599
740.119
740.359
747.239
752.839
762.159
768.559
776.079
792.679
795.319
798.759
805.399
807.959
834.119
836.519
841.639
845.479
851.119
862.199
866.999
870.359
880.759
888.879
892.679
897.479
899.599
904.039
908.399
912.359
915.799
926.199
944.199
949.639
968.519
975.999
981.279
984.519
995.399
997.359
1018.12
1020.44
1026.6
1032.28
1040.24
1040.96
1044
1047.6
1054
1055.72
1060.48
1074.16
1078.28
1081.08
1097.92
1104.52
