0.0327625579834
0.033524017334
0.0339499206543
0.0342244720459
0.0203638305664
0.0231551971436
0.0188275756836
0.0186179199219
0.0191728210449
0.0240672454834
0.0277068786621
0.0287040863037
0.0308219604492
0.031528427124
0.0334344329834
0.036127166748
0.0381992645264
0.0433543701172
0.0477498168945
0.051527923584
0.0598937835693
0.0717225036621
0.0961924438477
0.108845397949
0.11106690979
0.11538873291
0.114226303101
0.111953857422
0.111529968262
0.110083221436
0.105959075928
0.11285395813
0.10997114563
0.111905807495
0.111886108398
0.113136672974
0.115125671387
0.116932571411
0.117061843872
0.117522689819
0.118781356812
0.118484191895
0.118175018311
0.119441635132
0.121889053345
0.119645095825
0.119401885986
0.116192169189
0.115019226074
0.11351473999
0.113585098267
0.112007492065
0.11491104126
0.114389328003
0.112909179687
0.113639480591
0.113495864868
0.113228317261
0.0971196899414
0.098977935791
0.0984237976074
0.0986494598389
0.100345321655
0.10130821228
0.101023468018
0.101220046997
0.101540328979
0.103259552002
0.103776077271
0.104335601807
0.104714096069
0.105127929687
0.106692779541
0.106254592896
0.104120666504
0.102866607666
0.101608795166
0.101005462646
0.100792175293
0.100444900513
0.101914932251
0.10193901062
0.102641143799
0.101936721802
0.101344848633
0.102721969604
0.102881484985
0.102003509521
0.101835968018
0.101928833008
0.107212081909
0.113687210083
0.114134613037
0.113705474854
0.110366165161
0.10494670105
0.104801132202
0.104464294434
0.104261810303
0.104724975586
0.105089309692
0.105277175903
0.104599472046
0.0738763580322
0.0527514343262
0.0462849121094
0.0391434173584
0.0340938110352
0.0290948791504
0.02596434021
0.0240817871094
0.0210173950195
0.0192605133057
0.0331730957031
0.031963684082
0.0347479705811
0.0681894836426
0.101508911133
0.097816986084
0.0948190612793
0.0956152038574
0.0949374084473
0.09123046875
0.095208190918
0.0958772888184
0.0954502868652
0.0970594177246
0.0769440612793
0.0781217803955
0.0807877502441
0.0375825653076
0.0308229217529
0.0269368896484
0.0178643798828
0.0202248077393
0.0208529205322
0.0230600128174
0.0253396911621
0.0291632843018
0.0313835449219
0.0360191497803
0.0400156707764
0.0435256958008
0.0503054504395
0.0632317199707
0.0683258972168
0.0755392303467
0.0757772064209
0.0860673980713
0.0864069671631
0.0947040863037
0.0952863922119
0.101227783203
0.100985412598
0.111676132202
0.111864685059
0.123631652832
0.122471618652
0.139766967773
0.140191970825
0.15446244812
0.154099151611
0.17384336853
0.173293411255
0.183093048096
0.182336791992
0.189154388428
0.18859614563
0.195647796631
0.195293991089
0.203039154053
0.203967315674
0.20737953186
0.20680960083
0.228179382324
0.228516769409
0.252980239868
0.253104904175
0.287675140381
0.287341598511
0.321156890869
0.321089294434
0.330876525879
0.330621795654
0.341693771362
0.341346588135
0.356267242432
0.355488830566
0.365973022461
0.366977813721
0.374211685181
0.373841369629
0.378621398926
0.377890579224
0.385538818359
0.386162155151
0.397076690674
0.397168182373
0.429040847778
0.429291091919
0.484516311646
0.484283401489
0.547154937744
0.545666702271
0.606029067993
0.0588104095459
0.0611946716309
0.0620514678955
0.0628249969482
0.0640301361084
0.0644989776611
0.0652312164307
0.0659475097656
0.0660441131592
0.0665955963135
0.0663401947021
0.0669202270508
0.0667725524902
0.0674945373535
0.0679403839111
0.0675935058594
0.0681686706543
0.0693324890137
0.0690592193604
0.0691276550293
0.0694569396973
0.0697414398193
0.0701201171875
0.0697951812744
0.0699075317383
0.0709479675293
0.0711134796143
0.0716374816895
0.0724240875244
0.0725440216064
0.0718415527344
0.074059387207
0.0750024414062
0.0757398376465
0.076890335083
0.0776403808594
0.0788387451172
0.0805237731934
0.0816567840576
0.0835120391846
0.0836312866211
0.0851928253174
0.0856752929687
0.0874745483398
0.0885825500488
0.0898151702881
0.0905165710449
0.0913465270996
0.0923808288574
0.0923416137695
0.0915687866211
0.0996333312988
0.101109100342
0.103220230103
0.105122283936
0.1064737854
0.108488510132
0.110272201538
0.111793243408
0.113664245605
0.116493408203
0.119601135254
0.119875076294
0.12335836792
0.126743453979
0.129953613281
0.133553436279
0.137417053223
0.141627334595
0.142903335571
0.144376693726
0.14567930603
0.147086212158
0.146209335327
0.145145614624
0.144332870483
0.144108459473
0.142341247559
0.141624832153
0.142002655029
0.140695175171
0.140031921387
0.135331542969
0.133899551392
0.130547943115
0.128847732544
0.130590286255
0.133200515747
0.133327835083
0.122781570435
0.17926473999
0.179144699097
0.179622589111
0.177372894287
0.177368545532
0.177098709106
0.17637097168
0.175544570923
0.176155883789
0.175865585327
0.17583921814
0.175446746826
0.176897186279
0.176476303101
0.176562454224
0.175928207397
0.181180603027
0.183512359619
0.186439804077
0.184529220581
0.182863555908
0.177905700684
0.179780334473
0.180172836304
0.179292175293
0.177702331543
0.177911239624
0.176573760986
0.176504699707
0.175671569824
0.180530441284
0.179349014282
0.179991439819
0.179681594849
0.178967437744
0.180463104248
0.182124572754
0.184400543213
0.186413909912
0.186239028931
0.184859954834
0.183888198853
0.185771438599
0.184495010376
0.182713821411
0.181847839355
0.183245834351
0.182624343872
0.18287121582
0.183569091797
0.183639083862
0.184185638428
0.18593989563
0.141184997559
0.124884857178
0.108369949341
0.112472076416
0.681635604858
0.681478851318
0.691683120728
0.698591888428
0.718753585815
0.723574295044
0.720286621094
0.730584625244
0.736908752441
0.748201416016
0.750691665649
0.762452896118
0.732845932007
0.709606994629
0.691216720581
0.678969161987
0.683141952515
0.690821136475
0.708718643188
0.711066955566
0.701827026367
0.702983200073
0.700960678101
0.699432495117
0.69855796814
0.662787521362
0.667442230225
0.644323287964
0.656498718262
0.649130783081
0.650406448364
0.668075210571
0.674227493286
0.693711105347
0.696832107544
0.696608169556
0.697058013916
0.702436203003
0.71024357605
0.716934555054
0.721778656006
0.731789520264
0.726813323975
0.708713180542
0.687417633057
0.680737289429
0.684443481445
0.704191101074
0.695763244629
0.695517791748
0.699902923584
0.709056716919
0.699976409912
0.691639144897
0.685373474121
0.681989303589
0.678499160767
0.693919128418
0.694399810791
0.699778656006
0.698245010376
0.695830444336
0.697986740112
0.697360183716
0.702566482544
0.712716217041
0.71532951355
0.716010559082
0.715235641479
0.700303939819
0.685692886353
0.674575637817
0.667403213501
0.665252456665
0.671780639648
0.689957550049
0.684848556519
0.683016479492
0.685616867065
0.690445327759
0.690656356812
0.693424179077
0.694313659668
0.680982299805
0.671407546997
0.668001495361
0.677565872192
0.687568466187
0.687135040283
0.689642974854
0.692300613403
0.691924911499
0.694132034302
0.692393783569
0.696381256104
0.702310470581
0.705907592773
0.708288742065
0.703817596436
0.693468734741
0.677403030396
0.668239059448
0.666032028198
0.667280456543
0.710970779419
0.710601531982
0.71456930542
0.724331100464
0.730123214722
0.737047515869
0.73299836731
0.728992141724
0.719639160156
0.703129302979
0.702115585327
0.715992126465
0.717224227905
0.725704666138
0.725026870728
0.725099884033
0.737083374023
0.737225463867
0.751745178223
0.753020950317
0.771900375366
0.794905319214
0.812404006958
0.840089172363
0.853453475952
0.853187698364
0.849894958496
0.850187744141
0.850127761841
0.850692047119
0.85334324646
0.852757141113
0.853767211914
0.85239906311
0.851281265259
0.850653915405
0.841646881104
0.841187194824
0.836518875122
0.837368286133
0.820006958008
0.821529891968
0.802853546143
0.799594085693
0.796917358398
0.79419418335
0.788415115356
0.790394882202
0.78000769043
0.784810256958
0.768879623413
0.769923156738
0.760738876343
0.762666687012
0.754073028564
0.752853103638
0.740805007935
0.742507522583
0.732278045654
0.733955108643
0.718214126587
0.720385009766
0.709384979248
0.711173400879
0.710134979248
0.712461502075
0.713985153198
0.715327758789
0.714150436401
0.716055786133
0.714960067749
0.712890563965
0.711382110596
0.712324752808
0.711502655029
0.709148269653
0.707148849487
0.707375289917
0.707820785522
0.713968658447
0.716098983765
0.715378051758
0.715425674438
0.715668045044
0.71411819458
0.714393417358
0.715997802734
0.718006286621
0.716636306763
0.717907104492
0.718033477783
0.720107772827
0.713689056396
0.714023910522
0.713255050659
0.713466293335
0.711428283691
0.709111541748
0.708256896973
0.710208557129
0.70810723877
0.711749237061
0.707117141724
0.703857589722
0.702082611084
0.70534487915
0.698791397095
0.69634197998
0.693057449341
0.692261367798
0.692973434448
0.696905532837
0.695855117798
0.700781036377
0.703608047485
0.70677204895
0.704149353027
0.703602157593
0.704595199585
0.708198608398
0.70419593811
0.704739074707
0.703192672729
0.705500305176
0.702958862305
0.708802124023
0.720071365356
0.718548736572
0.715175140381
0.714720077515
0.716950637817
0.71770211792
0.721652618408
0.725097808838
0.730095443726
0.728195373535
0.736768539429
0.737895782471
0.740931671143
0.741901107788
0.730289459229
0.731724853516
0.722337921143
0.727344802856
0.72144418335
0.7240234375
0.716172149658
0.721401733398
0.71573034668
0.716549072266
0.709468917847
0.712212478638
0.718210403442
0.718434951782
0.722008972168
0.720388504028
0.723961776733
0.722686462402
0.733245346069
0.726188323975
0.712290374756
0.708663482666
0.690639358521
0.678929962158
0.650514892578
0.643596939087
0.611331542969
0.581194015503
0.531008972168
0.485211639404
0.413871414185
0.331972763062
0.233508163452
0.143364730835
0.146239868164
0.14785067749
0.153079940796
0.155323318481
0.158297927856
0.162517715454
0.166494140625
0.166586105347
0.174324645996
0.175751922607
0.176885620117
0.177717849731
0.16903453064
0.16769442749
0.164922790527
0.165446960449
0.167180648804
0.169711883545
0.167660247803
0.166929229736
0.167388580322
0.170294464111
0.168958374023
0.169136352539
0.168701141357
0.167079360962
0.166027328491
0.164143661499
0.166750808716
0.167274047852
0.167486785889
0.166253158569
0.167943405151
0.167790496826
0.164495315552
0.162310714722
0.157203277588
0.157698562622
0.156502227783
0.155267654419
0.15314944458
0.147737915039
0.150520874023
0.151486190796
0.151969665527
0.155611816406
0.161776138306
0.16116758728
0.163857925415
0.165970703125
0.164715316772
0.16900352478
0.164332550049
0.164528015137
0.158916915894
0.159976654053
0.158265136719
0.161746170044
0.160771881104
0.16156854248
0.161145523071
0.160673583984
0.155344696045
0.154480926514
0.15026625061
0.150174163818
0.148395385742
0.149215652466
0.145676834106
0.145294616699
0.146238342285
0.147091110229
0.149046325684
0.148753829956
0.145517944336
0.144222579956
0.140763885498
0.141872406006
0.140553207397
0.146223556519
0.146696426392
0.136205734253
0.13641229248
0.133449493408
0.138299728394
0.133369491577
0.134255615234
0.132368637085
0.13203666687
0.132235778809
0.134711380005
0.134776535034
0.136790115356
0.110693161011
0.11090083313
0.111589431763
0.111461395264
0.111790344238
0.109743835449
0.106896850586
0.103955322266
0.101971450806
0.0989829559326
0.0957386779785
0.094758682251
0.0917468109131
0.0885088348389
0.0875785369873
0.0849021759033
0.085003112793
0.0854071960449
0.0883899383545
0.0888564453125
0.0895186004639
0.0904643707275
0.0946708984375
0.0960699920654
0.0967487335205
0.0975496520996
0.0988268737793
0.0987863006592
0.0968849487305
0.0962065734863
0.0992142333984
0.0995209503174
0.0988808746338
0.0977713928223
0.096291595459
0.0961294403076
0.096547744751
0.0963970794678
0.0947272949219
0.0943929443359
0.096674621582
0.0978805389404
0.0960317840576
0.0963382415771
0.0951428375244
0.0921595611572
0.0912416992187
0.0897347412109
0.0894802703857
0.0892125396729
0.0875821685791
0.0872199707031
0.0859125976563
0.0848143463135
0.0826910552979
0.081811340332
0.0818529510498
0.0806509094238
0.079152557373
0.0786984100342
0.0781521759033
0.0783720245361
0.0785834197998
0.0804234161377
0.0814964141846
0.0820637359619
0.0812847595215
0.0804161376953
0.0788273468018
0.0780905303955
0.078364364624
0.0781359558105
0.0782750091553
0.0789255218506
0.0780016937256
0.0782902374268
0.0796576080322
0.0789771728516
0.0790274963379
0.0797743225098
0.0796207122803
0.0801265411377
0.0814190826416
0.0807211608887
0.0802774353027
0.0813339080811
0.0810378570557
0.0804121551514
0.0831448822021
0.082092666626
0.0824590911865
0.0843659820557
0.0854209594727
0.0848342132568
0.0848990936279
0.0842915496826
0.0833971252441
0.0838880615234
0.0835007629395
0.0821770172119
0.0826232757568
0.0821271362305
0.0813777313232
0.0835848236084
0.0836257629395
0.0847074432373
0.0868444976807
0.0886354675293
0.0870637207031
0.0884709625244
0.0887369384766
0.0889489593506
0.0810029449463
0.0863014831543
0.0881428222656
0.089156539917
0.08822315979
0.0886191864014
0.0909907226562
0.0914537200928
0.0923330230713
0.0938688812256
0.0947786407471
0.0952892303467
0.0977967224121
0.0984709777832
0.101477859497
0.103610183716
0.106939941406
0.108216125488
0.108783843994
0.108199691772
0.108562332153
0.109812835693
0.111740585327
0.111162765503
0.111360321045
0.1111771698
0.112221191406
0.110540786743
0.110146728516
0.108206832886
0.108948913574
0.110605880737
0.110607788086
0.111974853516
0.112827911377
0.111941345215
0.112598312378
0.111960510254
0.111610916138
0.110406906128
0.109615234375
0.108727981567
0.109601409912
0.109284805298
0.109172836304
0.109558334351
0.10957661438
0.110345230103
0.112380447388
0.111406829834
0.111767288208
0.111146514893
0.110397354126
0.110099594116
0.110093215942
0.111235473633
0.112492874146
0.112336257935
0.113326553345
0.118359542847
0.119151779175
0.102477279663
0.108101989746
0.10895199585
0.109436676025
0.110830795288
0.109593215942
0.10936366272
0.110218276978
0.110011520386
0.110880844116
0.111558624268
0.110984771729
0.110044235229
0.110800186157
0.1082762146
0.108358474731
0.108669952393
0.10819102478
0.108723754883
0.107812225342
0.107002319336
0.106482040405
0.105853759766
0.105560836792
0.106733703613
0.106615524292
0.105184921265
0.104433074951
0.104623931885
0.105374359131
0.104861541748
0.107048690796
0.107159606934
0.107634796143
0.110431243896
0.110111663818
0.109501663208
0.111033279419
0.111929168701
0.111801269531
0.11170111084
0.111542160034
0.11189956665
0.112897949219
0.11170753479
0.111546661377
0.113862350464
0.114379241943
0.116101013184
0.117377304077
0.116891113281
0.116256515503
0.11818460083
0.117463760376
0.117627975464
0.117772232056
0.115615692139
0.115221221924
0.11543296814
0.115064254761
0.115118255615
0.115535583496
0.112619567871
0.112776992798
0.111683105469
0.111140762329
0.111412567139
0.112250320435
0.109960693359
0.108205276489
0.108653640747
0.10872567749
0.107398880005
0.107956832886
0.108160873413
0.107843704224
0.108018508911
0.107592987061
0.106624969482
0.108634643555
0.109513671875
0.109645278931
0.112712112427
0.113661315918
0.113689926147
0.114299041748
0.115705856323
0.115411727905
0.115718261719
0.115951690674
0.11504119873
0.115766891479
0.116057296753
0.11538218689
0.119186233521
0.120251449585
0.120398605347
0.120015228271
0.122343048096
0.123262588501
0.12531892395
0.125488922119
0.125099182129
0.126001480103
0.122938201904
0.0525824432373
0.0549936523437
0.0552359466553
0.0554120330811
0.0568783416748
0.0566999816895
0.0568946838379
0.0558995513916
0.0571994171143
0.0566873168945
0.0578660430908
0.057723236084
0.0569059448242
0.0569524230957
0.0560705718994
0.0555682373047
0.0561333770752
0.055525604248
0.0563216094971
0.0556158599854
0.0537628326416
0.0528349761963
0.0547041931152
0.0547091369629
0.054324798584
0.0538928527832
0.0545221557617
0.0559179077148
0.0552983703613
0.0552443389893
0.0559305419922
0.0563986968994
0.0569005889893
0.0568152008057
0.0573675384521
0.0567597961426
0.0568311004639
0.0581924133301
0.0585626831055
0.0582343139648
0.0601297302246
0.0601131896973
0.060067779541
0.0601457824707
0.0514985046387
0.0616589660645
0.0630791778564
0.0626696166992
0.0626751251221
0.0605097503662
0.0612331542969
0.0617557830811
0.0603262023926
0.0631860198975
0.0633444213867
0.0647413482666
0.0635534057617
0.0624324188232
0.0633958587646
0.0639732513428
0.0630070343018
0.063267791748
0.0605674743652
0.0587506866455
0.0584317779541
0.058210357666
0.0570878295898
0.0565353393555
0.0556710357666
0.0547500915527
0.0548942108154
0.054808303833
0.0549069671631
0.0547493896484
0.0553637695313
0.0550047454834
0.0543851776123
0.0547554626465
0.0531857910156
0.0532125396729
0.0536073303223
0.0533721160889
0.0540924835205
0.0539956970215
0.0526987457275
0.0526020050049
0.096165512085
0.0962890930176
0.0971778411865
0.0961862030029
0.0965401153564
0.095783706665
0.095487411499
0.0949624328613
0.0958053741455
0.095457321167
0.0976974639893
0.0979008178711
0.0981835479736
0.0992550354004
0.0990509796143
0.0986904754639
0.0978813781738
0.0984929504395
0.0981824645996
0.0983584136963
0.0985465393066
0.0983138580322
0.100257873535
0.100663757324
0.099494720459
0.0991552124023
0.0983868103027
0.0968327484131
0.0981948699951
0.0978120117188
0.0993157958984
0.100014755249
0.100184799194
0.100476867676
0.0997813262939
0.0992728729248
0.0980128479004
0.0979383544922
0.0986562805176
0.0990156707764
0.0978439788818
0.0984345245361
0.100404708862
0.102836547852
0.103240692139
0.104384689331
0.106596328735
0.106844070435
0.10613621521
0.105870071411
0.10508934021
0.104324081421
0.102303192139
0.100518585205
0.0996380767822
0.100627639771
0.102193237305
0.102467727661
0.101909378052
0.101101364136
0.0999906463623
0.099876083374
0.0989533233643
0.099154083252
0.0966985626221
0.0988288269043
0.106014663696
0.106945541382
0.107029449463
0.105304229736
0.10657963562
0.107827590942
0.10797088623
0.106845932007
0.10677571106
0.106130310059
0.105731216431
0.106443222046
0.103571121216
0.102574890137
0.0972031402588
0.0968059082031
0.09880909729
0.0992772979736
0.0951691436768
0.0944595031738
0.0848594207764
0.0877446136475
0.0893156738281
0.0888955078125
0.0893552246094
0.087923614502
0.0897916259766
0.0906236724854
0.0914768218994
0.0905336303711
0.0917192993164
0.0926207580566
0.0920147094727
0.0921235656738
0.0914037017822
0.0907971191406
0.0891148986816
0.0923613128662
0.0895449371338
0.0897546234131
0.0901003417969
0.0952037353516
0.0952475585937
0.0949983978271
0.0922706756592
0.0918999786377
0.0885387573242
0.088077041626
0.114881744385
0.11511315918
0.112085678101
0.112382949829
0.109748321533
0.111725906372
0.11102722168
0.111036331177
0.11268536377
0.113484848022
0.112268493652
0.111346206665
0.111086105347
0.111150421143
0.110020202637
0.109699859619
0.11285508728
0.114601638794
0.112249038696
0.112327255249
0.112122314453
0.111907775879
0.112368301392
0.112886199951
0.114377746582
0.0725188903809
0.0742812042236
0.0761335449219
0.0784000091553
0.0783582000732
0.0795004882813
0.0769261474609
0.0769547119141
0.0796024780273
0.0800653686523
0.0799813690186
0.078522354126
0.0782565765381
0.0790292510986
0.0780386657715
0.0783398742676
0.0785550231934
0.0762809295654
0.0756583404541
0.0754678039551
0.0756493225098
0.0757105865479
0.0767959594727
0.0762791748047
0.0770716094971
0.0785274200439
0.0786042480469
0.0793540039063
0.0802800292969
0.0796372528076
0.0799471130371
0.0781973114014
0.0780378875732
0.0768284606934
0.0775320892334
0.0762961883545
0.0746671447754
0.075016708374
0.0744979858398
0.0743540496826
0.0619483795166
0.0641096801758
0.0662365570068
0.0667769775391
0.0675440979004
0.068324432373
0.0678297576904
0.0668716430664
0.0689274749756
0.0706685028076
0.0758498535156
0.0759371490479
0.076777633667
0.0748895568848
0.0734960632324
0.0721007995605
0.0725570373535
0.0723263549805
0.0701631774902
0.0694544372559
0.0689234466553
0.0714960327148
0.0712784423828
0.0720825195312
0.0708101043701
0.0709599609375
0.0721684570312
0.0737779388428
0.0726636810303
0.0723991241455
0.072055557251
0.0733792877197
0.0754968566895
0.0771659393311
0.0786565856934
0.0795097503662
0.0809617156982
0.0811750183105
0.0809326171875
0.0803653411865
0.0778852844238
0.0762770843506
0.0783672180176
0.0788076629639
0.0770806274414
0.0775669708252
0.0769456329346
0.0755486755371
0.0759386901855
0.0747750091553
0.0732025146484
0.0737484588623
0.0742527923584
0.0744728851318
0.0744922027588
0.0754430389404
0.0735293121338
0.0727518768311
0.0727499847412
0.0720699005127
0.0707122802734
0.0715970306396
0.0696416015625
0.0694646453857
0.069329498291
0.0693153839111
0.0689109191895
0.0699638366699
0.0713225097656
0.0713126373291
0.0691172027588
0.0685841522217
0.0663278045654
0.0668375701904
0.0672840576172
0.0670327301025
0.0657014465332
0.0650605010986
0.0643191070557
0.0649891662598
0.0663576507568
0.0685801849365
0.0725822296143
0.0747882385254
0.075493637085
0.0744737701416
0.0763921051025
0.0772324981689
0.0768327178955
0.07683984375
0.078382232666
0.0781375427246
0.0771237487793
0.07600831604
0.0761320800781
0.075228012085
0.0758807830811
0.0762648620605
0.0745239105225
0.0732530517578
0.0728489685059
0.0724161987305
0.0726087646484
0.0711138916016
0.070284576416
0.070634979248
0.0712847442627
0.0711600036621
0.0726972198486
0.0706837463379
0.069392288208
0.070111114502
0.0674851074219
0.0628804321289
0.0625490875244
0.0615478973389
0.0607718963623
0.0606787109375
0.0617237701416
0.0620857543945
0.0612813568115
0.06178175354
0.0623770446777
0.0638896942139
0.0667762451172
0.0678396148682
0.0711278991699
0.0738173980713
0.0767660980225
0.0761663665771
0.074694229126
0.0753304290771
0.077501159668
0.0760617523193
0.0774736480713
0.0786074981689
0.0788748321533
0.080498046875
0.0798969421387
0.0826235198975
0.0833313140869
0.0860742950439
0.0887402954102
0.0881414794922
0.0907656860352
0.093858795166
0.0943370056152
0.0949718170166
0.0970723571777
0.098967956543
0.100872024536
0.100862976074
0.1011980896
0.10331477356
0.105597854614
0.104660491943
0.103641433716
0.103133346558
0.102834487915
0.102993774414
0.103751815796
0.103665817261
0.104883239746
0.10704510498
0.105771514893
0.107564102173
0.109573455811
0.11070300293
0.111560058594
0.11438343811
0.114898513794
0.117248153687
0.11812411499
0.118387161255
0.121891937256
0.12120324707
0.119718551636
0.121186981201
0.126124313354
0.126626998901
0.123932250977
0.122533950806
0.121744827271
0.123155883789
0.123495025635
0.124257980347
0.126030441284
0.123073745728
0.122240081787
0.123019454956
0.12435105896
0.123099212646
0.125183670044
0.127430160522
0.129034210205
0.125793548584
0.123173614502
0.121318206787
0.120755126953
0.119819656372
0.122270675659
0.118832946777
0.118391876221
0.116833892822
0.118548522949
0.118597091675
0.118855178833
0.120329101562
0.119954345703
0.122237503052
0.122259979248
0.118797042847
0.117778579712
0.11688092041
0.117907714844
0.118923995972
0.118889526367
0.118293228149
0.11838470459
0.119897567749
0.119893005371
0.120369049072
0.119928237915
0.119108001709
0.118353622437
0.119076919556
0.12034513855
0.123663192749
0.122682174683
0.12336289978
0.12069694519
0.121635360718
0.122530487061
0.122589691162
0.124468460083
0.122805496216
0.122462112427
0.125011047363
0.124895767212
0.125816986084
0.123000991821
0.121782943726
0.121746002197
0.121296844482
0.120777557373
0.120969192505
0.12003024292
0.118769515991
0.119046722412
0.12152796936
0.121754562378
0.122429428101
0.123681655884
0.121575027466
0.121190032959
0.123138793945
0.124215789795
0.121841873169
0.123392776489
0.124693634033
0.124834655762
0.126357086182
0.124706466675
0.122986846924
0.126371276855
0.126882446289
0.126345458984
0.191250564575
0.19091835022
0.191457611084
0.192292419434
0.192288269043
0.192066055298
0.19019430542
0.189997161865
0.19005279541
0.189357574463
0.197607040405
0.200235946655
0.20123374939
0.201763748169
0.200085754395
0.201321136475
0.195062850952
0.194085525513
0.192747177124
0.191111190796
0.193163803101
0.194661514282
0.196007919312
0.194858612061
0.195437835693
0.198874313354
0.198927078247
0.200521835327
0.199366867065
0.19664163208
0.200190887451
0.202651260376
0.201449951172
0.200169708252
0.199069259644
0.199586029053
0.200486541748
0.199617721558
0.199464157104
0.198709762573
0.196580825806
0.197251480103
0.196287887573
0.198932327271
0.199962203979
0.201738586426
0.202115234375
0.200641616821
0.200955596924
0.19976663208
0.20057321167
0.200024688721
0.200300460815
0.198521591187
0.194576950073
0.197659225464
0.198925384521
0.200163284302
0.198821838379
0.196781829834
0.19326071167
0.195132720947
0.19661328125
0.196692657471
0.198956314087
0.198932250977
0.196154098511
0.193127288818
0.189357345581
0.189855163574
0.195295059204
0.196842681885
0.201125869751
0.199114303589
0.199667358398
0.197268203735
0.200746383667
0.199847061157
0.202017288208
0.199987258911
0.122230743408
0.127896789551
0.123305053711
0.122883544922
0.126643264771
0.126716934204
0.125573150635
0.126244415283
0.127428222656
0.125625793457
0.126189407349
0.126565689087
0.126790420532
0.124121658325
0.12424798584
0.124155227661
0.124933456421
0.124611083984
0.124625869751
0.122682617187
0.123638504028
0.122361602783
0.122568496704
0.12096395874
0.120066619873
0.120293502808
0.119287704468
0.117473754883
0.116418960571
0.112549636841
0.111545593262
0.110537918091
0.109786743164
0.111226226807
0.108682327271
0.106112243652
0.106440307617
0.107607177734
0.106537460327
0.105479904175
0.102536148071
0.102571212769
0.103277282715
0.102305648804
0.103159042358
0.101339126587
0.0987388916016
0.0982732696533
0.0983496704102
0.0967967987061
0.0941398162842
0.0943581237793
0.0952630004883
0.0927519378662
0.0915660400391
0.0897038421631
0.092486618042
0.0930852661133
0.0927049560547
0.0894153289795
0.0853505859375
0.0854566650391
0.0845754241943
0.0841300506592
0.0834147186279
0.0824711608887
0.0798677062988
0.0796375427246
0.08056640625
0.0807955322266
0.0801393890381
0.0793040771484
0.07690184021
0.0752217559814
0.0751377563477
0.0734013519287
0.0711605834961
0.0703963470459
0.0700171203613
0.0693390655518
0.0698730163574
0.0688379669189
0.0699443206787
0.0701649780273
0.0702226257324
0.072791305542
0.0743140258789
0.0756625976563
0.0733305664062
0.0737249755859
0.074057723999
0.0770860900879
0.0764132843018
0.074769821167
0.0752593383789
0.0750122833252
0.0755903015137
0.07477394104
0.0726742248535
0.0675159301758
0.0666467285156
0.0660321655273
0.06241796875
0.0621262054443
0.0623008728027
0.0605192871094
0.0609732818604
0.0618952484131
0.0621651000977
0.0629715576172
0.0627288665771
0.0627965087891
0.0611364440918
0.0606850128174
0.0594610748291
0.0603992156982
0.0619540100098
0.0627760162354
0.0633328399658
0.0632402191162
0.0622562255859
0.0643980865479
0.0688941955566
0.070019317627
0.0666739196777
0.0666900634766
0.0665201721191
0.0668793487549
0.0655880737305
0.0662569122314
0.0665595703125
0.064878112793
0.0644151916504
0.0653244781494
0.0652263336182
0.0651200256348
0.06514012146
0.0647768249512
0.0636400909424
0.0637303009033
0.0634671630859
0.0628697052002
0.0628115844727
0.0619651184082
0.0607083435059
0.0610406799316
0.0610935821533
0.0602080993652
0.0610534973145
0.0604992675781
0.0606492462158
0.0594267272949
0.0586994018555
0.0592611236572
0.0590998687744
0.0583367462158
0.0575774230957
0.0575774993896
0.0575707092285
0.0571669616699
0.0560067138672
0.0555049743652
0.0559594421387
0.0569068603516
0.0582764892578
0.0586095581055
0.0585497131348
0.0590128173828
0.0588288269043
0.0581277770996
0.0577736053467
0.0572587280273
0.0573118438721
0.0576530151367
0.0576795654297
0.0584614562988
0.0577581329346
0.0582216644287
0.0572909851074
0.0565240783691
0.0561679534912
0.0559865112305
0.0577124328613
0.0579197692871
0.0578376617432
0.0559980316162
0.0564165496826
0.057270111084
0.0580072174072
0.0580522003174
0.0568785858154
0.0559734344482
0.0554912719727
0.0550235443115
0.0546387634277
0.0544324035645
0.0557857666016
0.0560948486328
0.0568593292236
0.0572703552246
0.0571603393555
0.0575015411377
0.0574109344482
0.057717376709
0.0577197418213
0.0580570220947
0.0578431396484
0.0582839202881
0.0591389160156
0.0593783569336
0.0598558654785
0.0600445861816
0.0595723876953
0.0590032501221
0.0592721557617
0.0593446502686
0.0593571014404
0.0596195526123
0.0601193237305
0.0590438995361
0.0584011383057
0.0855911712646
0.0870543212891
0.086930267334
0.0882372741699
0.0887031555176
0.0878918304443
0.0879754333496
0.0888269958496
0.0888693237305
0.0900189056396
0.0897010650635
0.0881452941895
0.0879626617432
0.0892999725342
0.0884305877686
0.0889822387695
0.0899125366211
0.090313293457
0.0908311157227
0.0913750610352
0.0912231445313
0.0910975494385
0.0915212554932
0.0908715209961
0.0914898986816
0.0920882415771
0.0921097869873
0.0927881774902
0.0944206237793
0.097161529541
0.0979274597168
0.0965169525146
0.0933441772461
0.0795805664062
0.078728729248
0.0790714263916
0.0798968200684
0.0798843231201
0.0790105285645
0.0797273864746
0.0795773162842
0.106421829224
0.167673156738
0.221596679687
0.269984115601
0.311274978638
0.344263595581
0.374391799927
0.385598754883
0.401115921021
0.414785110474
0.425073791504
0.437996109009
0.450052200317
0.462552520752
0.474989395142
0.473061004639
0.471799423218
0.471584350586
0.470608795166
0.469972457886
0.470681411743
0.4705390625
0.471422866821
0.471052108765
0.4706796875
0.469764862061
0.469367248535
0.468273971558
0.469414993286
0.468631118774
0.467898529053
0.472427261353
0.465525436401
0.466593582153
0.466152206421
0.471899734497
0.471209686279
0.470669387817
0.470467880249
0.468229187012
0.467878250122
0.467230728149
0.466639465332
0.466889053345
0.466823120117
0.468761566162
0.466493499756
0.462144119263
0.464129562378
0.465541915894
0.465586471558
0.465365966797
0.463988098145
0.464092819214
0.467022232056
0.469302185059
0.470443328857
0.470507522583
0.468745773315
0.463704803467
0.462944625854
0.463821640015
0.464514450073
0.752569549561
0.744235427856
0.73987336731
0.741733673096
0.737103210449
0.738571487427
0.737801040649
0.738329818726
0.733031814575
0.732302246094
0.726152801514
0.725777130127
0.720618453979
0.72235760498
0.714464263916
0.71382963562
0.709092315674
0.706496078491
0.700367019653
0.705970062256
0.706297897339
0.706472366333
0.707290237427
0.706162338257
0.706425872803
0.704059677124
0.700969207764
0.700765319824
0.699882385254
0.696556381226
0.690355560303
0.691085739136
0.69334513855
0.693368301392
0.691871871948
0.693167221069
0.693773986816
0.691379241943
0.689021255493
0.688937026978
0.690853485107
0.687682189941
0.686111312866
0.68487953186
0.684693161011
0.684150482178
0.683360977173
0.68359928894
0.68164302063
0.681339279175
0.676553222656
0.678960739136
0.673389129639
0.672311309814
0.668910598755
0.669755935669
0.669161773682
0.668563568115
0.669430557251
0.670653030396
0.667229888916
0.666851577759
0.664848724365
0.665774642944
0.660094985962
0.660981536865
0.660061294556
0.665826187134
0.6627862854
0.664941314697
0.663561355591
0.666266418457
0.658878356934
0.658447769165
0.653325424194
0.654598236084
0.65397076416
0.654665390015
0.653059249878
0.655089874268
0.654980178833
0.660650695801
0.655461395264
0.655637252808
0.652887039185
0.652335861206
0.651016601563
0.650705352783
0.650711776733
0.651421234131
0.654070053101
0.652557312012
0.655770126343
0.656606719971
0.659778060913
0.653572341919
0.652990203857
0.654123184204
0.655563934326
0.661349182129
0.656886322021
0.655706497192
0.655433120728
0.658076843262
0.658513076782
0.658281845093
0.659945770264
0.65962840271
0.663530838013
0.661692886353
0.660235794067
0.660370681763
0.664995666504
0.665009521484
0.657996612549
0.658799942017
0.658723831177
0.664289199829
0.665633529663
0.665693023682
0.667282943726
0.666008651733
0.663990875244
0.667563873291
0.672222732544
0.669471282959
0.669247909546
0.672083557129
0.675008834839
0.677949569702
0.680286437988
0.682614303589
0.682101913452
0.680871582031
0.682115615845
0.683951812744
0.681405914307
0.685380996704
0.688564025879
0.690178497314
0.694324432373
0.68675668335
0.687436645508
0.687695831299
0.689069442749
0.684471725464
0.68494203186
0.682411895752
0.685553573608
0.686102264404
0.69004914856
0.693646514893
0.677338088989
0.687527908325
0.688144439697
0.682674591064
0.689730865479
0.692669113159
0.692038635254
0.692858627319
0.692924102783
0.689959960937
0.691230880737
0.688302932739
0.689689376831
0.688663375854
0.690070770264
0.688872329712
0.689142791748
0.691085968018
0.695425231934
0.690646530151
0.687367782593
0.687146820068
0.694710250854
0.696260604858
0.698409606934
0.698486633301
0.701752960205
0.701708267212
0.703415008545
0.702286376953
0.704638412476
0.706400268555
0.707030929565
0.705830230713
0.614484298706
0.637820327759
0.640120178223
0.640634765625
0.640077041626
0.63856980896
0.63900213623
0.639143539429
0.640494110107
0.641735031128
0.642617111206
0.643657226562
0.649262039185
0.651382598877
0.646808319092
0.639085128784
0.639451721191
0.636988296509
0.636059555054
0.631987121582
0.62809677124
0.620378143311
0.620736190796
0.616587661743
0.614940368652
0.604568008423
0.610371032715
0.609402877808
0.599802307129
0.600285308838
0.601227355957
0.599853744507
0.601843566895
0.598112884521
0.593519958496
0.593988571167
0.601619750977
0.602066040039
0.620829467773
0.624188842773
0.636112869263
0.635388824463
0.64014755249
0.637250396729
0.632490325928
0.621709091187
0.627030303955
0.633914245605
0.6364740448
0.637626342773
0.642125915527
0.644746429443
0.644870910645
0.634158599854
0.627236999512
0.618740432739
0.615574020386
0.615312179565
0.615712493896
0.617879974365
0.62186769104
0.622674468994
0.619528320312
0.616676742554
0.619577774048
0.618191131592
0.613596282959
0.610736175537
0.6020128479
0.603262649536
0.60204800415
0.598887588501
0.602340164185
0.598568237305
0.597037475586
0.59512991333
0.589944107056
0.586343719482
0.585894104004
0.587878997803
0.587998046875
0.586801025391
0.580882476807
0.576730316162
0.579008895874
0.58658895874
0.586578536987
0.586985839844
0.58625479126
0.591608612061
0.588577850342
0.576253265381
0.558959014893
0.563894454956
0.567962387085
0.583510040283
0.598214492798
0.613736526489
0.611786209106
0.616284164429
0.617363449097
0.617902664185
0.616743057251
0.620312316895
0.619170654297
0.61909147644
0.61990335083
0.540456710815
0.622797637939
0.62205255127
0.620344573975
0.622593292236
0.620822219849
0.622411026001
0.62083354187
0.619651641846
0.623432952881
0.62470690918
0.627446502686
0.626374237061
0.627966110229
0.629097564697
0.623412002563
0.627910675049
0.640083084106
0.647661193848
0.647726348877
0.649466644287
0.65141519165
0.65542980957
0.66109727478
0.666962005615
0.666725082397
0.669467269897
0.669444244385
0.673253143311
0.67008203125
0.645464981079
0.663711425781
0.659144363403
0.651191192627
0.644539169312
0.635953704834
0.628685028076
0.622851028442
0.614479598999
0.609417327881
0.601242538452
0.593661651611
0.59143359375
0.597162826538
0.597996185303
0.592427200317
0.590483718872
0.583896942139
0.577200302124
0.57349659729
0.569676101685
0.564987014771
0.560360992432
0.560400131226
0.551976654053
0.543859359741
0.533864624023
0.524638320923
0.512355209351
0.500751495361
0.497528091431
0.491286575317
0.491891967773
0.481514007568
0.476564025879
0.473997344971
0.471824890137
0.474079986572
0.475422485352
0.469204223633
0.466064315796
0.46100440979
0.460354751587
0.454596572876
0.457836547852
0.45502015686
0.45088621521
0.450202194214
0.44656980896
0.454478683472
0.444449874878
0.442922912598
0.435469940186
0.415642852783
0.4163384552
0.41519178772
0.421009979248
0.449161224365
0.482509033203
0.490797058105
0.489031280518
0.484198135376
0.496196136475
0.504767501831
0.501703674316
0.501196105957
0.509662536621
0.525531829834
0.537882705688
0.539350219727
0.543217147827
0.548366531372
0.553625030518
0.558411621094
0.563882492065
0.567311828613
0.570061828613
0.571758590698
0.566854934692
0.567036972046
0.563923721313
0.564819625854
0.562264266968
0.563250228882
0.558954391479
0.560542495728
0.56342578125
0.561649002075
0.563785140991
0.563073959351
0.560563400269
0.558541442871
0.558160888672
0.55904864502
0.558950546265
0.558166091919
0.55587411499
0.555391220093
0.552548568726
0.551433898926
0.546771286011
0.542700546265
0.53904864502
0.53944342041
0.539926635742
0.542403518677
0.540902770996
0.539262252808
0.539206268311
0.536479690552
0.536772033691
0.533761154175
0.531456359863
0.525798629761
0.522806381226
0.520763061523
0.514370864868
0.513093399048
0.514485794067
0.516926010132
0.521571670532
0.521831542969
0.520722808838
0.518977828979
0.519598526001
0.519256942749
0.501912277222
0.499831253052
0.499842849731
0.502822692871
0.502797790527
0.503308349609
0.50265826416
0.505069335938
0.507675506592
0.508843612671
0.509829055786
0.506246307373
0.499275802612
0.497023773193
0.495527984619
0.493929138184
0.496589920044
0.495296035767
0.497081604004
0.492200698853
0.495595809937
0.500334533691
0.499790390015
0.498563613892
0.497227539063
0.494450378418
0.491621841431
0.49269619751
0.49313885498
0.493013870239
0.494896881104
0.496705383301
0.499422805786
0.501224029541
0.501355941772
0.503821746826
0.511416931152
0.515993118286
0.518815567017
0.521586029053
0.521568511963
0.522781295776
0.525300979614
0.526364501953
0.53578427124
0.530699508667
0.530305038452
0.531470748901
0.530769638062
0.529280822754
0.529458724976
0.529648635864
0.529981582642
0.531951293945
0.446370422363
0.439706802368
0.43801512146
0.438156417847
0.436878387451
0.435124511719
0.432851547241
0.431275222778
0.430159301758
0.42377947998
0.421825820923
0.422831665039
0.424298812866
0.421900390625
0.420253738403
0.420120681763
0.417790313721
0.409907043457
0.417611999512
0.409188842773
0.404263168335
0.401141296387
0.401142974854
0.401623260498
0.403289855957
0.405112579346
0.407212722778
0.40703894043
0.406733428955
0.403064025879
0.404867233276
0.415782196045
0.418939605713
0.437514526367
0.438669692993
0.432588287354
0.423106796265
0.421970489502
0.421848297119
0.441196853638
0.459763565063
0.51543321228
0.574915145874
0.651111968994
0.741119400024
0.809309494019
0.854372970581
0.82604385376
0.731279251099
0.633491790771
0.54394694519
0.49286416626
0.463605285645
0.441655334473
0.449347946167
0.4913724823
0.534632858276
0.574262145996
0.637855361938
0.679311248779
0.70331791687
0.714692718506
0.72112046814
0.729860366821
0.729804275513
0.732904953003
0.732690124512
0.733753601074
0.73493321228
0.736090377808
0.73520173645
0.734852920532
0.732552047729
0.733653747559
0.732737075806
0.733580322266
0.734813858032
0.732954788208
0.731387145996
0.732993011475
0.731345932007
0.724039718628
0.721763320923
0.726066833496
0.727326141357
0.732568939209
0.733825500488
0.732131530762
0.731118362427
0.733667282104
0.732896179199
0.73192741394
0.73294152832
0.734046676636
0.733725646973
0.733276412964
0.732716400146
0.73187663269
0.732761932373
0.733144577026
0.734385986328
0.735446868896
0.73496647644
0.734243011475
0.738735153198
0.739533676147
0.741086395264
0.742289123535
0.741674835205
0.741583465576
0.740811386108
0.738364196777
0.73882460022
0.73893421936
0.737422393799
0.737424804687
0.737699172974
0.738751708984
0.738636276245
0.740147186279
0.740432479858
0.739934967041
0.73810697937
0.73741758728
0.73736164856
0.737799438477
0.736658081055
0.734827804565
0.735922698975
0.733642364502
0.734252502441
0.734774261475
0.735660598755
0.735334030151
0.735436965942
0.734819610596
0.733458908081
0.72668359375
0.721130935669
0.719348190308
0.713611373901
0.707687698364
0.700714065552
0.696982254028
0.690876403809
0.683781723022
0.675904495239
0.670167709351
0.66099118042
0.657246810913
0.651574935913
0.647377243042
0.640537536621
0.634947540283
0.62902003479
0.623098236084
0.615524261475
0.604189590454
0.594296081543
0.589922515869
0.585037368774
0.5801275177
0.576248657227
0.567753952026
0.561918151855
0.555918899536
0.551370635986
0.544918228149
0.535438247681
0.530316360474
0.521942153931
0.516071304321
0.508592987061
0.499426116943
0.490053848267
0.479832565308
0.472929550171
0.461743988037
0.45217124939
0.444271606445
0.43729045105
0.429379608154
0.418262466431
0.409851486206
0.401582336426
0.39267036438
0.387821014404
0.375429626465
0.368112609863
0.358977752686
0.350546936035
0.341008132935
0.332915481567
0.325531265259
0.319075927734
0.311781616211
0.304957260132
0.297637954712
0.292801681519
0.287014724731
0.281903411865
0.277904693604
0.270102157593
0.266558441162
0.261227172852
0.258136016846
0.253404907227
0.250009017944
0.245860473633
0.246801971436
0.247079223633
0.243982803345
0.241790771484
0.242535415649
0.241624130249
0.238997970581
0.237223434448
0.237164154053
0.238022521973
0.236366241455
0.236090682983
0.234765075684
0.234925094604
0.235260665894
0.23409564209
0.23309727478
0.232121246338
0.231210449219
0.229090087891
0.228352142334
0.228492752075
0.22855581665
0.229234603882
0.234465774536
0.238855194092
0.293098587036
0.248712844849
0.238019226074
0.23151802063
0.228080276489
0.228096435547
0.22710357666
0.226844009399
0.226610168457
0.227280914307
0.227473815918
0.230498916626
0.230341796875
0.237873397827
0.238476425171
0.315991409302
0.313930770874
0.25391758728
0.254478179932
0.237753219604
0.239286056519
0.230763092041
0.22989932251
0.227407119751
0.226734680176
0.22747605896
0.22799786377
0.226022155762
0.224756622314
0.224673294067
0.223382949829
0.223134521484
0.223261734009
0.222680099487
0.224636749268
0.225326080322
0.225432693481
0.224812210083
0.223376464844
0.221849517822
0.222067687988
0.22344770813
0.223212127686
0.22408694458
0.223553466797
0.221094238281
0.220070251465
0.22123336792
0.22047895813
0.221096359253
0.222845184326
0.22162701416
0.221435028076
0.223172073364
0.221706954956
0.225597839355
0.737932113647
0.738438278198
0.739287109375
0.737143875122
0.736410003662
0.737747619629
0.735393447876
0.739438964844
0.740018203735
0.74180178833
0.718678237915
0.717128677368
0.683296966553
0.684188980103
0.658594268799
0.659012954712
0.656961730957
0.656507736206
0.656832885742
0.655448532104
0.654642715454
0.653427749634
0.654230239868
0.668277709961
0.67000012207
0.679544113159
0.6758253479
0.68593699646
0.687875076294
0.701440231323
0.703562927246
0.720340454102
0.719983505249
0.729272644043
0.728109802246
0.737931671143
0.737790405273
0.743584136963
0.737331375122
0.732061813354
0.733624740601
0.732825363159
0.734573287964
0.737405548096
0.740308334351
0.74367791748
0.749545562744
0.74612197876
0.745899749756
0.741268844604
0.740750274658
0.740667053223
0.741088989258
0.740476257324
0.73737612915
0.744773971558
0.74432522583
0.749142974854
0.748026702881
0.761235076904
0.759965911865
0.789749862671
0.78872052002
0.805852600098
0.809540374756
0.830881591797
0.832082107544
0.861001693726
0.861740859985
0.871986114502
0.872062728882
0.869782623291
0.867784683228
0.868164367676
0.86807270813
0.867548248291
0.868967163086
0.869681945801
0.870429489136
0.869822311401
0.871972686768
0.871191467285
0.871873474121
0.871492340088
0.870027435303
0.868328033447
0.863189254761
0.864664169312
0.867867675781
0.648615661621
0.644858551025
0.647732131958
0.648027648926
0.648777328491
0.648630279541
0.647272384644
0.646402679443
0.642923736572
0.642130187988
0.64487286377
0.646103683472
0.649095855713
0.652567565918
0.654725387573
0.654407272339
0.654319473267
0.650658126831
0.647548797607
0.648878952026
0.649613967896
0.652911224365
0.650139862061
0.65112059021
0.65381842041
0.653510177612
0.649649719238
0.647507675171
0.641950424194
0.638798599243
0.641914352417
0.640543441772
0.638521652222
0.64019758606
0.643345596313
0.644139862061
0.644206283569
0.64342829895
0.641914581299
0.642073516846
0.641603317261
0.643489089966
0.645537475586
0.646343322754
0.647395965576
0.645989105225
0.644185516357
0.645556335449
0.647175048828
0.646910003662
0.646646713257
0.647454650879
0.646636535645
0.645554931641
0.646163192749
0.648844909668
0.649993026733
0.649904418945
0.648535644531
0.646923278809
0.647636611938
0.645995620728
0.646695999146
0.647077560425
0.647421417236
0.64866859436
0.649497467041
0.650350143433
0.652192474365
0.653037185669
0.653817489624
0.653789474487
0.655360092163
0.654556838989
0.655513870239
0.656234649658
0.655289855957
0.653779632568
0.653351394653
0.651686935425
0.6504974823
0.651514801025
0.651755462646
0.653005401611
0.656315002441
0.65625932312
0.657587280273
0.660033660889
0.657986450195
0.658246017456
0.661144241333
0.660424911499
0.660119369507
0.660783432007
0.660991592407
0.658044677734
0.656141555786
0.655743835449
0.654196289063
0.654778564453
0.650824493408
0.650094497681
0.654389511108
0.655355316162
0.659267623901
0.658985809326
0.661081359863
0.66205267334
0.661060760498
0.660897186279
0.664702362061
0.663397903442
0.659423110962
0.658231887817
0.65378565979
0.653800842285
0.650898910522
0.650968795776
0.654296173096
0.656085479736
0.655475692749
0.655770935059
0.656858383179
0.654073394775
0.652179534912
0.656352081299
0.659760284424
0.662347396851
0.662247772217
0.661176956177
0.660563659668
0.663409179687
0.665382705688
0.667061813354
0.668521255493
0.667973709106
0.664728271484
0.668623001099
0.668572036743
0.672257232666
0.675855926514
0.675537719727
0.673213287354
0.665136154175
0.65868572998
0.659986602783
0.662891326904
0.663800292969
0.663379684448
0.663133895874
0.664576278687
0.663469802856
0.662123809814
0.660463378906
0.659488769531
0.65940057373
0.661351623535
0.661320251465
0.661733047485
0.662108688354
0.660885940552
0.65799772644
0.658867828369
0.657197372437
0.656705352783
0.659261764526
0.659969482422
0.660323226929
0.660877059937
0.659831268311
0.6582081604
0.656494659424
0.659818664551
0.660024658203
0.661494338989
0.660122451782
0.659812133789
0.65881098938
0.658896026611
0.658627029419
0.65772013855
0.659793670654
0.658693435669
0.656838775635
0.655873718262
0.654849533081
0.653611984253
0.655330062866
0.644145050049
0.645813613892
0.643519729614
0.642006866455
0.637954727173
0.638016891479
