0.510952453613
0.50443119812
0.507393447876
0.505515304565
0.505339859009
0.503790527344
0.506908737183
0.507133422852
0.507173568726
0.510871948242
0.510856765747
0.507965255737
0.501426315308
0.491360092163
0.479975860596
0.458744400024
0.429983917236
0.392495513916
0.349970703125
0.297399642944
0.264424118042
0.262788604736
0.271001953125
0.279704727173
0.285207901001
0.28506791687
0.282658157349
0.285805877686
0.285467987061
0.283604797363
0.316189498901
0.303753723145
0.29697114563
0.292191055298
0.288084899902
0.287493057251
0.289511520386
0.285050201416
0.278812683105
0.279085968018
0.309172836304
0.305148178101
0.306305297852
0.306853149414
0.308398468018
0.308618453979
0.309249511719
0.312623046875
0.345022247314
0.346278884888
0.348946075439
0.352730682373
0.355149230957
0.356689880371
0.35894078064
0.360907516479
0.363258102417
0.366169143677
0.395282409668
0.396895095825
0.39931489563
0.401734161377
0.403977432251
0.406346008301
0.408498443604
0.408531829834
0.410034896851
0.411366546631
0.412338470459
0.414586975098
0.415660430908
0.416914627075
0.418364425659
0.419752761841
0.445985321045
0.447062561035
0.447583831787
0.447999725342
0.448864898682
0.450183197021
0.450891220093
0.453142669678
0.454291259766
0.455594451904
0.456364318848
0.45541809082
0.455320587158
0.45604296875
0.456677566528
0.45766645813
0.45870300293
0.46062890625
0.461739181519
0.463642837524
0.48830708313
0.487708297729
0.488382263184
0.489323135376
0.490325805664
0.491616928101
0.492358718872
0.493446716309
0.49503302002
0.495871627808
0.496715362549
0.497681259155
0.498679382324
0.499132675171
0.499990844727
0.500654815674
0.501127471924
0.502066314697
0.502999984741
0.503458358765
0.504529602051
0.505358078003
0.506208145142
0.507227386475
0.508096603394
0.508821350098
0.507535720825
0.508660324097
0.50923991394
0.509864608765
0.510197433472
0.510392547607
0.511094146729
0.511191513062
0.51136920166
0.511835968018
0.512315719604
0.512731323242
0.513511749268
0.514058807373
0.514351333618
0.514864486694
0.515378540039
0.515739868164
0.516460128784
0.517090270996
0.517215255737
0.517690673828
0.51833013916
0.518419204712
0.494446853638
0.497185211182
0.498048522949
0.498691818237
0.499128311157
0.49949559021
0.500096252441
0.500548904419
0.500542953491
0.501175765991
0.501044372559
0.501019622803
0.501351867676
0.501835876465
0.50207472229
0.502260864258
0.503194396973
0.50386265564
0.504152572632
0.504374069214
0.504766204834
0.505299240112
0.505597991943
0.505878646851
0.50636807251
0.506749603271
0.507037200928
0.507412261963
0.508264892578
0.50830871582
0.508637176514
0.508745758057
0.509007614136
0.509543518066
0.509761779785
0.509866134644
0.508785583496
0.50942755127
0.509699279785
0.509985305786
0.510259780884
0.510182556152
0.510022659302
0.509830932617
0.509262451172
0.508753311157
0.508002487183
0.506498458862
0.506372711182
0.507789291382
0.508249801636
0.508474456787
0.508632049561
0.50869418335
0.508672683716
0.508192764282
0.50766885376
0.506969192505
0.477488250732
0.477459823608
0.477513900757
0.477382644653
0.477267623901
0.477609893799
0.477601104736
0.477748641968
0.478478408813
0.478868209839
0.478826156616
0.47917565918
0.479358093262
0.479752685547
0.480377639771
0.48098626709
0.48138923645
0.482100067139
0.48246383667
0.482704193115
0.483583908081
0.484345001221
0.484677902222
0.485114364624
0.485620117188
0.485907562256
0.486376739502
0.486565963745
0.48661491394
0.486699523926
0.486785949707
0.48682611084
0.486865875244
0.487140441895
0.487083831787
0.486867294312
0.487329864502
0.487355026245
0.485105895996
0.485502990723
0.485684326172
0.485789382935
0.485830657959
0.485893966675
0.486017547607
0.486158584595
0.485908920288
0.485986816406
0.486078353882
0.486085327148
0.486010437012
0.486075088501
0.486082855225
0.4860287323
0.486256378174
0.486036804199
0.485933563232
0.485683746338
0.48545123291
0.48531628418
0.485524963379
0.485191085815
0.485270675659
0.485192871094
0.484935821533
0.484888214111
0.484916870117
0.484531173706
0.484904769897
0.484671661377
0.484506881714
0.484568527222
0.484650970459
0.484156692505
0.48395161438
0.483807434082
0.483630874634
0.483654693604
0.483427734375
0.483344390869
0.483437438965
0.48329598999
0.483143890381
0.482894958496
0.48275440979
0.48278604126
0.482655517578
0.48230368042
0.482119537354
0.482044815063
0.482011383057
0.481672897339
0.481644805908
0.481217315674
0.480927230835
0.480772079468
0.480603302002
0.480424789429
0.477920959473
0.478141143799
0.478014282227
0.478375183105
0.478322067261
0.478209411621
0.478018829346
0.477857452393
0.477698104858
0.477773910522
0.47778302002
0.477689819336
0.477472961426
0.477323852539
0.477244827271
0.476915863037
0.476847076416
0.476630722046
0.476401702881
0.476135375977
0.475677963257
0.475589248657
0.475333251953
0.475054077148
0.475026290894
0.474706436157
0.474405014038
0.474430496216
0.474139312744
0.473816390991
0.473394699097
0.473384002686
0.47303288269
0.472963226318
0.472720581055
0.472159637451
0.471942504883
0.471685592651
0.471458633423
0.47138911438
0.471318374634
0.47123765564
0.471034637451
0.470891143799
0.470519119263
0.470005844116
0.470192337036
0.46974055481
0.469357940674
0.46938873291
0.468818969727
0.468649353027
0.468543807983
0.468192749023
0.468105484009
0.468117874146
0.467743209839
0.46770880127
0.467666931152
0.467766433716
0.463797866821
0.464211166382
0.464171295166
0.464452026367
0.464427307129
0.464345535278
0.464311523438
0.464325714111
0.463978820801
0.464095809937
0.463955612183
0.463626144409
0.46377406311
0.463675735474
0.46348109436
0.463195480347
0.463145141602
0.463050598145
0.462660949707
0.462473617554
0.462045471191
0.462216369629
0.462264633179
0.461839904785
0.461806625366
0.461645507812
0.461282287598
0.461341995239
0.461208389282
0.461255767822
0.461069015503
0.460836883545
0.460714096069
0.460523300171
0.460519210815
0.460139511108
0.460070617676
0.459791229248
0.459438201904
0.459464736938
0.459379150391
0.458945358276
0.458862243652
0.458845794678
0.458474136353
0.458073989868
0.457998535156
0.457795303345
0.457593261719
0.457261978149
0.456909729004
0.45682232666
0.456690048218
0.456338088989
0.456351806641
0.45625617981
0.455830368042
0.455664016724
0.455650665283
0.455278549194
0.451810409546
0.451746963501
0.452076904297
0.452216796875
0.452533752441
0.452108062744
0.452071014404
0.452006820679
0.452088104248
0.451977050781
0.451916671753
0.451707427979
0.451632324219
0.451625
0.451600158691
0.451390197754
0.451558105469
0.451559356689
0.451163894653
0.451053253174
0.450710342407
0.450614532471
0.450383773804
0.450180938721
0.449912185669
0.4497940979
0.44964251709
0.449574050903
0.449329360962
0.449234359741
0.4489400177
0.448918197632
0.448855422974
0.44864680481
0.448525817871
0.448229507446
0.448124771118
0.448179763794
0.448274703979
0.448179611206
0.448154251099
0.448109207153
0.448090072632
0.448062454224
0.448005249023
0.448078170776
0.447962799072
0.447931549072
0.448125076294
0.447951675415
0.447511932373
0.447589889526
0.447591156006
0.447234802246
0.447524353027
0.447817672729
0.447718505859
0.447860809326
0.448036437988
0.447815170288
0.444238357544
0.444683425903
0.445087844849
0.445290328979
0.445416976929
0.445208023071
0.445190536499
0.44555065918
0.44570249939
0.445630599976
0.445672073364
0.445559127808
0.445780029297
0.445683364868
0.445642318726
0.44568347168
0.445916427612
0.445735061646
0.445760345459
0.445721343994
0.445560302734
0.445353881836
0.445483764648
0.445280487061
0.445331878662
0.445468460083
0.445338272095
0.445430831909
0.445397323608
0.445306503296
0.445316177368
0.445185028076
0.44504296875
0.444970825195
0.445008560181
0.444779037476
0.444678848267
0.444743026733
0.444504867554
0.444951049805
0.444834121704
0.444625686646
0.44478024292
0.445046188354
0.444828903198
0.444636764526
0.44478338623
0.444540390015
0.444450057983
0.444590545654
0.444630722046
0.444569961548
0.444688827515
0.444819641113
0.444680480957
0.444596191406
0.444088760376
0.444005187988
0.444206970215
0.443823196411
0.440752227783
0.44093107605
0.441095443726
0.441388259888
0.441680175781
0.441567993164
0.441708297729
0.44191645813
0.441827728271
0.442071044922
0.442070663452
0.441841781616
0.442122741699
0.442208999634
0.44232460022
0.442423294067
0.442445281982
0.442392288208
0.442424728394
0.442261611938
0.442045059204
0.441962738037
0.442267745972
0.44226600647
0.442394973755
0.442700439453
0.442395980835
0.442361297607
0.442361373901
0.442436752319
0.442412246704
0.442353591919
0.442591827393
0.442436828613
0.442677230835
0.442004928589
0.442079559326
0.441854415894
0.441924316406
0.441958816528
0.441816802979
0.441772018433
0.441731903076
0.441747589111
0.441577957153
0.441273513794
0.441197311401
0.440892227173
0.440927368164
0.441064361572
0.440557815552
0.440442092896
0.440314804077
0.440153823853
0.440093185425
0.43994052124
0.439827301025
0.439470535278
0.439561935425
0.439517166138
0.43629776001
0.436563201904
0.436801452637
0.43683543396
0.437074707031
0.43695652771
0.437026428223
0.437202728271
0.43697479248
0.436964904785
0.436972702026
0.436915267944
0.436843780518
0.436806732178
0.436738418579
0.436828781128
0.436732757568
0.436589309692
0.436440368652
0.436452972412
0.436105819702
0.436275894165
0.436320037842
0.436025299072
0.435907089233
0.435953613281
0.435745452881
0.435759475708
0.435847518921
0.435658508301
0.435503036499
0.435564453125
0.435188766479
0.435162384033
0.435135360718
0.434699020386
0.434770599365
0.434563674927
0.434196304321
0.434177886963
0.43406578064
0.434006072998
0.434016830444
0.433934356689
0.433862426758
0.433786437988
0.433693557739
0.433582290649
0.433613052368
0.433573272705
0.433241836548
0.433174072266
0.433006744385
0.432768997192
0.432769577026
0.432835784912
0.432844070435
0.432704086304
0.432472213745
0.432285766602
0.42959022522
0.429795150757
0.429964324951
0.430186050415
0.430342285156
0.430241348267
0.430499679565
0.430357772827
0.430635162354
0.430501403809
0.430519790649
0.430350296021
0.430477630615
0.430632873535
0.430619873047
0.430527877808
0.430737060547
0.430534942627
0.430691772461
0.430484527588
0.430499572754
0.43040512085
0.430297195435
0.430549087524
0.430552322388
0.430863555908
0.43068460083
0.430708374023
0.430702331543
0.430796463013
0.430462493896
0.430529006958
0.430494689941
0.430397583008
0.43039541626
0.430205474854
0.43002897644
0.430087432861
0.429928085327
0.430016723633
0.429878479004
0.430005523682
0.429906829834
0.429973770142
0.429853286743
0.42950680542
0.429393844604
0.42950302124
0.429697143555
0.429526382446
0.429283065796
0.429179748535
0.429212753296
0.429279098511
0.429068008423
0.429235519409
0.429189819336
0.429428695679
0.429473968506
0.429737442017
0.424672439575
0.424907699585
0.425132324219
0.425407577515
0.425816146851
0.426086395264
0.426648651123
0.426710006714
0.426883285522
0.427273757935
0.427352416992
0.427410049438
0.427776626587
0.427845779419
0.427672210693
0.427884979248
0.427831008911
0.427783615112
0.427617218018
0.427566970825
0.427406677246
0.427522247314
0.427152542114
0.427145065308
0.427189071655
0.427290313721
0.427285461426
0.427409011841
0.427756729126
0.42764666748
0.427952209473
0.443539978027
0.444933120728
0.446346343994
0.448492263794
0.449835250854
0.45156388855
0.453247146606
0.454934387207
0.45650440979
0.457894470215
0.458925994873
0.460041412354
0.460348205566
0.460451568604
0.460404067993
0.46025189209
0.46025567627
0.459467956543
0.459948822021
0.460227859497
0.45998298645
0.460182327271
0.460081176758
0.460255981445
0.460289855957
0.45987286377
0.460379272461
0.460661026001
0.460930252075
0.458759857178
0.459333633423
0.459826980591
0.46018081665
0.460425140381
0.460699142456
0.461012283325
0.461189407349
0.461472290039
0.461757751465
0.461806259155
0.462036804199
0.462355331421
0.462279052734
0.462135665894
0.462019439697
0.462108688354
0.461797470093
0.461859344482
0.462023727417
0.461685394287
0.461865936279
0.461858078003
0.461811630249
0.462009506226
0.462124359131
0.462183441162
0.462137023926
0.462534957886
0.462298934937
0.462785324097
0.462675613403
0.46256300354
0.462802352905
0.463045135498
0.462605148315
0.462480331421
0.462541717529
0.462382247925
0.462539215088
0.4628540802
0.462931686401
0.462969238281
0.463171142578
0.462974761963
0.462750961304
0.462837905884
0.46308190918
0.463253265381
0.463373596191
0.463189331055
0.463123336792
0.462924331665
0.463250030518
0.463312515259
0.463195205688
0.463080276489
0.463287460327
0.463093215942
0.46265447998
0.459090652466
0.459034255981
0.458625930786
0.45876109314
0.458513000488
0.457528610229
0.456912399292
0.456159072876
0.45507093811
0.454554122925
0.453723739624
0.452855621338
0.452458190918
0.4515206604
0.451014907837
0.450376434326
0.449514511108
0.448581390381
0.44689604187
0.446343673706
0.445672790527
0.445315963745
0.445031433105
0.445065872192
0.445064682007
0.444959854126
0.444855651855
0.444819320679
0.444668334961
0.444598022461
0.444288864136
0.444395019531
0.444493011475
0.444607040405
0.444513046265
0.444415512085
0.444283935547
0.444403198242
0.444113494873
0.444123931885
0.444216339111
0.444166091919
0.444120574951
0.444356918335
0.444196456909
0.444206710815
0.444438446045
0.444291732788
0.444225692749
0.44406829834
0.44419732666
0.444118865967
0.443960403442
0.443408096313
0.443737747192
0.443375915527
0.443721237183
0.443735153198
0.443778396606
0.443698806763
0.440924713135
0.44088822937
0.441392974854
0.441809188843
0.44270904541
0.442817657471
0.443083007813
0.44339213562
0.443421142578
0.443430664063
0.443204177856
0.443158401489
0.443145980835
0.443053604126
0.443179641724
0.443057830811
0.443038757324
0.443188095093
0.443317886353
0.443661148071
0.443772262573
0.443954940796
0.443950149536
0.443815292358
0.44371295166
0.44377746582
0.443698028564
0.444397216797
0.444245391846
0.443813415527
0.442898239136
0.443258026123
0.44285887146
0.442909545898
0.442664611816
0.442566436768
0.442273345947
0.442198287964
0.442067428589
0.442284454346
0.442470611572
0.442682479858
0.442977371216
0.443061782837
0.443215866089
0.443314865112
0.443427642822
0.443697265625
0.443747268677
0.443681655884
0.443767837524
0.443949356079
0.443913116455
0.443997192383
0.443855209351
0.444155090332
0.44408203125
0.444112869263
0.444323318481
0.444335586548
0.440633239746
0.440955062866
0.441318939209
0.441797912598
0.442007965088
0.442488937378
0.442592666626
0.443160110474
0.443361709595
0.44397857666
0.443963806152
0.443988677979
0.444301589966
0.444395385742
0.444547302246
0.444726623535
0.445053527832
0.445106262207
0.44497869873
0.445268707275
0.445137741089
0.445388092041
0.445253921509
0.445470535278
0.445490585327
0.445815490723
0.446044525146
0.44620765686
0.446601501465
0.446381332397
0.446191345215
0.446779632568
0.446977890015
0.446786819458
0.4471900177
0.447077651978
0.447248016357
0.447061187744
0.446879653931
0.44711807251
0.447296340942
0.447474456787
0.447564254761
0.448082382202
0.447862792969
0.447572784424
0.447682754517
0.448077133179
0.447942428589
0.448315200806
0.448146087646
0.448391281128
0.448534484863
0.44836479187
0.448409484863
0.448680221558
0.448462631226
0.448481140137
0.448531326294
0.448650650024
0.445461929321
0.445887451172
0.446367034912
0.446744247437
0.447395080566
0.447170166016
0.447945968628
0.44804876709
0.448317855835
0.44861390686
0.449030517578
0.448743759155
0.449001617432
0.449196746826
0.449379425049
0.449474655151
0.449761566162
0.44974041748
0.449917709351
0.450265060425
0.45035559082
0.450976531982
0.451133743286
0.451253311157
0.451930999756
0.452011230469
0.452015777588
0.452499099731
0.452752960205
0.45251109314
0.452672271729
0.453018630981
0.452814849854
0.45286807251
0.453151580811
0.452966918945
0.453326370239
0.453476760864
0.453709533691
0.453726501465
0.454092407227
0.454449020386
0.45471105957
0.454858627319
0.455023864746
0.455107009888
0.455123596191
0.454977386475
0.454764907837
0.455121505737
0.454691925049
0.455060836792
0.455384719849
0.455381668091
0.455830596924
0.456097946167
0.456358596802
0.456712417603
0.457303375244
0.457652832031
0.45271446228
0.453567703247
0.453954147339
0.454327804565
0.454929916382
0.455331436157
0.455528244019
0.455928939819
0.455978500366
0.45613117981
0.456597091675
0.456363235474
0.456873046875
0.456982498169
0.457242156982
0.457448562622
0.457536376953
0.457814422607
0.457874801636
0.457926223755
0.45776902771
0.457892547607
0.458055740356
0.458262115479
0.458311737061
0.458151229858
0.458493087769
0.458721679687
0.458875579834
0.459147079468
0.459364425659
0.459378326416
0.459286941528
0.459437042236
0.459339691162
0.459224777222
0.459390258789
0.4595625
0.459642974854
0.459946502686
0.460038452148
0.46033996582
0.460353683472
0.460800140381
0.460897094727
0.460525283813
0.461173019409
0.461125350952
0.461316375732
0.461540756226
0.461273208618
0.461444793701
0.461698013306
0.461754745483
0.462064041138
0.462298706055
0.462629562378
0.462680450439
0.462940643311
0.462597091675
0.45937449646
0.459769241333
0.460231994629
0.460649185181
0.461082366943
0.461600418091
0.461821334839
0.462204589844
0.462263366699
0.46280418396
0.46299118042
0.462918533325
0.463412826538
0.463714157104
0.463883117676
0.464013442993
0.464271469116
0.464578125
0.464705490112
0.464831344604
0.464969696045
0.46517137146
0.465473007202
0.465490371704
0.465555984497
0.465758621216
0.465888641357
0.466058624268
0.466267791748
0.466573608398
0.466698959351
0.467181427002
0.467172668457
0.467589752197
0.467774978638
0.467417739868
0.467639053345
0.468005844116
0.467965377808
0.467774261475
0.468266921997
0.468442245483
0.46884703064
0.468987854004
0.468869140625
0.469057479858
0.468918563843
0.469233520508
0.46957510376
0.469511169434
0.469302490234
0.469425521851
0.469468521118
0.469739013672
0.469853820801
0.469826080322
0.469673629761
0.469740112305
0.469689437866
0.47006439209
0.466891738892
0.467302566528
0.467627197266
0.468114746094
0.468211654663
0.468285812378
0.468329040527
0.468454711914
0.468684066772
0.468835845947
0.468997177124
0.468640670776
0.468658401489
0.46892741394
0.469058761597
0.469310440063
0.469302566528
0.469153961182
0.469104248047
0.469173812866
0.469119491577
0.469285873413
0.468901672363
0.468864257812
0.469151504517
0.468916854858
0.468767654419
0.468690841675
0.468757263184
0.468762039185
0.468818313599
0.469209991455
0.469191070557
0.469450790405
0.469615631104
0.469446487427
0.469346969604
0.469663955688
0.469929656982
0.469871582031
0.470064971924
0.470311843872
0.470452575684
0.470469772339
0.470254104614
0.470127975464
0.470214202881
0.470039550781
0.470035568237
0.470051742554
0.470017974854
0.470279190063
0.470402648926
0.470438293457
0.470386520386
0.4705206604
0.470299789429
0.47028314209
0.46989831543
0.46973991394
0.467019439697
0.467272705078
0.467779373169
0.467995391846
0.468388046265
0.468697433472
0.469082885742
0.469088668823
0.469449996948
0.469748291016
0.469779769897
0.470033935547
0.470089981079
0.470251327515
0.470216567993
0.470316955566
0.470426116943
0.470593933105
0.470399276733
0.470995010376
0.470814559937
0.471149993896
0.471339401245
0.471168869019
0.471300064087
0.471505218506
0.471251281738
0.47169367981
0.472135162354
0.47237260437
0.471921096802
0.471809524536
0.471831985474
0.471939163208
0.472114517212
0.471668380737
0.47158203125
0.471656234741
0.471700088501
0.47193850708
0.472021591187
0.472028671265
0.47215977478
0.472379730225
0.472140533447
0.472068984985
0.472012283325
0.471730438232
0.471901931763
0.472009246826
0.471603775024
0.471643875122
0.471694869995
0.471693099976
0.471832901001
0.471989379883
0.472063095093
0.472016891479
0.472312606812
0.472201446533
0.4694637146
0.470002990723
0.470207489014
0.470415100098
0.470635147095
0.470942703247
0.471101013184
0.47131288147
0.471386978149
0.471762878418
0.472089584351
0.472003509521
0.472208404541
0.472339660645
0.47234526062
0.472262771606
0.472401672363
0.472469345093
0.472407852173
0.472229629517
0.472497055054
0.472321502686
0.47257749939
0.472713516235
0.472757720947
0.472919769287
0.47283291626
0.4730650177
0.473199996948
0.473075592041
0.473226287842
0.473521392822
0.473297225952
0.473252319336
0.473564788818
0.473470672607
0.473447677612
0.47351739502
0.473658843994
0.473715118408
0.47361656189
0.473697494507
0.473819320679
0.473649246216
0.473657501221
0.473766479492
0.473886062622
0.473960769653
0.474058639526
0.474129608154
0.47377154541
0.474014434814
0.474198883057
0.473916351318
0.474118759155
0.474258239746
0.474283721924
0.474282653809
0.474479125977
0.47436416626
0.471666595459
0.471970352173
0.472248077393
0.472404464722
0.472667190552
0.472678115845
0.472796264648
0.473153533936
0.473114379883
0.473339752197
0.473380874634
0.473632217407
0.473551605225
0.473672180176
0.473720352173
0.474065246582
0.474300338745
0.47436567688
0.474338851929
0.47431652832
0.474447525024
0.474777328491
0.474959259033
0.474874893188
0.474888580322
0.475048706055
0.475230407715
0.475373703003
0.475462493896
0.475596298218
0.475319488525
0.475655181885
0.475698242188
0.475609817505
0.475771606445
0.475587402344
0.475943634033
0.475796096802
0.475818328857
0.475872573853
0.47610093689
0.475906387329
0.476320358276
0.476324478149
0.47641708374
0.476021820068
0.476562347412
0.476405197144
0.476497573853
0.476409912109
0.476229660034
0.47632484436
0.476330871582
0.476295852661
0.476357376099
0.476653152466
0.476813095093
0.476972717285
0.47749772644
0.477444381714
0.472881500244
0.473276977539
0.473697479248
0.474103866577
0.474469497681
0.474515869141
0.474472824097
0.474562301636
0.47478187561
0.474807571411
0.475344848633
0.475203689575
0.475498733521
0.475433105469
0.475490386963
0.475459518433
0.475491607666
0.475773376465
0.476010940552
0.475854293823
0.475620376587
0.475550033569
0.475686264038
0.47551789856
0.475681594849
0.47578213501
0.475926727295
0.476050994873
0.476099914551
0.476008422852
0.475879150391
0.475986938477
0.475919067383
0.475771499634
0.475768157959
0.475317672729
0.475253173828
0.475359146118
0.47505015564
0.475331604004
0.475235565186
0.475104690552
0.47541696167
0.4754637146
0.475404296875
0.475139129639
0.475057357788
0.475223419189
0.475011779785
0.474915664673
0.474865142822
0.474609130859
0.47464239502
0.474663192749
0.474643737793
0.474484420776
0.474265411377
0.474088272095
0.474250518799
0.473963989258
0.471460494995
0.471825134277
0.471722869873
0.471908782959
0.472182449341
0.472138259888
0.472674545288
0.473218383789
0.472905883789
0.473223510742
0.473315963745
0.473228485107
0.47330682373
0.473329040527
0.473285079956
0.47343963623
0.473470413208
0.473360336304
0.473147994995
0.47307270813
0.472643539429
0.47292350769
0.473063323975
0.473007125854
0.472858673096
0.473105957031
0.473008926392
0.472723327637
0.472963897705
0.472791091919
0.472722808838
0.472791137695
0.472790481567
0.472470993042
0.472441818237
0.472121582031
0.472408737183
0.472399505615
0.472490966797
0.472635284424
0.47289781189
0.472550369263
0.472426651001
0.472366210938
0.472162445068
0.47206401062
0.47214024353
0.472039855957
0.471904769897
0.472013626099
0.471615478516
0.47139074707
0.47126663208
0.471148284912
0.471169723511
0.471307632446
0.471079162598
0.47115145874
0.471195892334
0.470912796021
0.46785194397
0.468282897949
0.468401321411
0.468627960205
0.469435699463
0.469584152222
0.469734832764
0.469792129517
0.469673858643
0.469798583984
0.470037979126
0.469932250977
0.469810348511
0.470237167358
0.470204025269
0.470041778564
0.470138977051
0.470411636353
0.470316940308
0.470276168823
0.470140579224
0.47014932251
0.470223373413
0.470120697021
0.470347900391
0.470580108643
0.470755508423
0.470815795898
0.470603088379
0.470407241821
0.470080581665
0.470119232178
0.469984283447
0.469886917114
0.469854949951
0.469772293091
0.469918228149
0.470011856079
0.469971633911
0.469860824585
0.470001541138
0.47004838562
0.470352981567
0.470157012939
0.47036958313
0.470288970947
0.470424606323
0.470183685303
0.470185440063
0.470283599854
0.469756530762
0.469851501465
0.469894577026
0.469700546265
0.469844421387
0.469798706055
0.469878570557
0.469963653564
0.469907348633
0.469984970093
0.466787124634
0.467382369995
0.467875534058
0.46873916626
0.469378967285
0.469723754883
0.470042144775
0.470340682983
0.470456710815
0.470839248657
0.471162231445
0.471015975952
0.470920944214
0.471105209351
0.47126159668
0.471510467529
0.471524139404
0.471509140015
0.471456207275
0.471565658569
0.471243545532
0.470637695312
0.470731796265
0.470549499512
0.470667404175
0.470574005127
0.470619766235
0.470618438721
0.470761917114
0.470849227905
0.47071723938
0.470907226563
0.471056549072
0.471016738892
0.471328063965
0.471222167969
0.471525115967
0.471677368164
0.471734161377
0.471628234863
0.471745651245
0.47166696167
0.471792266846
0.471835693359
0.47179649353
0.471413314819
0.471458328247
0.471559783936
0.471596359253
0.471940917969
0.471761657715
0.471694641113
0.47197492981
0.471885787964
0.471895523071
0.472129119873
0.472131484985
0.472439727783
0.472279449463
0.472179336548
0.46903302002
0.469539703369
0.469686904907
0.470404541016
0.470701065063
0.470760528564
0.470968673706
0.471412002563
0.471820648193
0.47222442627
0.472332214355
0.471988006592
0.471730300903
0.471865539551
0.471823989868
0.471911376953
0.472146591187
0.472268661499
0.472148208618
0.471840957642
0.47208152771
0.472296539307
0.472758209229
0.472371185303
0.472142379761
0.471835891724
0.472086471558
0.472474731445
0.472396026611
0.472447570801
0.472531051636
0.47269493103
0.47251020813
0.472323654175
0.472411148071
0.472152816772
0.4725078125
0.472736114502
0.472472457886
0.472616668701
0.472756729126
0.472150085449
0.472553924561
0.472704208374
0.472705749512
0.47281010437
0.472871780396
0.472797134399
0.472841415405
0.472983200073
0.47291078186
0.473161651611
0.473209671021
0.473643936157
0.473514144897
0.473651977539
0.47335697937
0.472857818604
0.473127410889
0.47321786499
0.469980072021
0.470593734741
0.470673095703
0.471005935669
0.471248321533
0.471124847412
0.471174606323
0.471669082642
0.471846618652
0.472092147827
0.472327163696
0.472051956177
0.471977127075
0.472282943726
0.472266265869
0.472477371216
0.472658630371
0.472720474243
0.472518936157
0.472161758423
0.472075241089
0.472328414917
0.47280027771
0.472888565063
0.472655731201
0.472864761353
0.472601776123
0.472507110596
0.472378570557
0.472434188843
0.472850097656
0.473083648682
0.472685501099
0.472928955078
0.473064712524
0.473039215088
0.473005447388
0.473144348145
0.473176010132
0.473131134033
0.473150527954
0.473385864258
0.473437561035
0.473264785767
0.473503448486
0.473147232056
0.473345855713
0.473576278687
0.473769332886
0.473932434082
0.473501419067
0.473412841797
0.473333786011
0.473265197754
0.47348651123
0.473670669556
0.473663314819
0.473815551758
0.4742109375
0.474834030151
0.470484375
0.470737564087
0.471174087524
0.471610473633
0.471946563721
0.471920669556
0.471852310181
0.472027526855
0.47189793396
0.472015686035
0.472169433594
0.471941513062
0.471986831665
0.472045883179
0.471965499878
0.471997329712
0.472135559082
0.472315979004
0.472268295288
0.472086166382
0.471834655762
0.471530578613
0.471443878174
0.471512420654
0.471406478882
0.471776184082
0.471862197876
0.472025787354
0.472235336304
0.47215171814
0.471830154419
0.47187071228
0.471725372314
0.471849761963
0.471848510742
0.471857467651
0.471863876343
0.471842483521
0.471505981445
0.4717527771
0.471751113892
0.471649108887
0.471782775879
0.471681350708
0.471729721069
0.471309204102
0.471165527344
0.471020996094
0.471149856567
0.471166015625
0.470787628174
0.470662506104
0.470700698853
0.470581695557
0.470645477295
0.470690460205
0.470700317383
0.470623931885
0.470704299927
0.47056338501
0.468239730835
0.468933059692
0.46916708374
0.469249420166
0.469395523071
0.469536071777
0.469652420044
0.469747879028
0.469754180908
0.469778640747
0.469900848389
0.469996948242
0.4696980896
0.469857223511
0.469583206177
0.469419845581
0.469440719604
0.469197387695
0.46894921875
0.468925720215
0.468802230835
0.468760223389
0.468945327759
0.469042648315
0.469142486572
0.469067764282
0.468961166382
0.469045730591
0.469128479004
0.46900769043
0.468645874023
0.468729034424
0.468558898926
0.46855696106
0.468696182251
0.468337722778
0.468197387695
0.468123382568
0.468087020874
0.468018051147
0.468005844116
0.467579071045
0.467574142456
0.467594512939
0.467434341431
0.46710697937
0.467177459717
0.466991851807
0.46694569397
0.46688420105
0.466581817627
0.466687255859
0.466657241821
0.46639289856
0.46631640625
0.46620149231
0.465924804687
0.466021621704
0.465982376099
0.4660677948
0.463116958618
0.463622329712
0.463839996338
0.463861968994
0.464269378662
0.464381378174
0.464679641724
0.464568817139
0.464458786011
0.464677429199
0.464715759277
0.464593414307
0.464632553101
0.464634140015
0.464692199707
0.464078674316
0.464297576904
0.464357223511
0.464454574585
0.464680847168
0.464581481934
0.465614044189
0.465888824463
0.465787704468
0.466081588745
0.465083251953
0.463860092163
0.463714157104
0.463525390625
0.463493255615
0.463658096313
0.464128967285
0.464053070068
0.464852005005
0.485139785767
0.485071075439
0.485616226196
0.48597303772
0.486503250122
0.486867538452
0.486782623291
0.486910873413
0.487222900391
0.487168380737
0.487226196289
0.4868256073
0.486844299316
0.486649215698
0.486459915161
0.486654815674
0.486542922974
0.486277496338
0.486166732788
0.485629074097
0.485681274414
0.485635177612
0.485476791382
0.485530197144
0.485564041138
0.485511062622
0.483213378906
0.483674285889
0.483746887207
0.483782241821
0.484208480835
0.484273696899
0.484505126953
0.484561904907
0.484364105225
0.484383331299
0.484343994141
0.484012527466
0.483941589355
0.483866195679
0.484062454224
0.483546203613
0.483529205322
0.483455047607
0.483219955444
0.483207641602
0.483092666626
0.482854660034
0.482828857422
0.482905273437
0.482696670532
0.482761749268
0.482687866211
0.482608428955
0.482451843262
0.482253067017
0.481870666504
0.482276855469
0.482140396118
0.482240112305
0.482081954956
0.481772842407
0.481429855347
0.481463348389
0.481463439941
0.481473434448
0.481428543091
0.481422668457
0.481420501709
0.481419769287
0.480928649902
0.480658172607
0.480817687988
0.48065814209
0.480531005859
0.480655639648
0.480400787354
0.480286331177
0.480419387817
0.479921310425
0.479984222412
0.479978561401
0.479682312012
0.479746353149
0.479736557007
0.479336883545
0.477398239136
0.477644973755
0.47781803894
0.478037261963
0.47808821106
0.47781489563
0.47782749939
0.477954193115
0.4778881073
0.477921508789
0.477882537842
0.478128662109
0.478012786865
0.47785559082
0.477464263916
0.477187698364
0.477661483765
0.477728820801
0.477204971313
0.47658921814
0.476806396484
0.477041412354
0.477097213745
0.476947509766
0.476940292358
0.477273132324
0.477402420044
0.477333572388
0.477054229736
0.477219482422
0.476909835815
0.477120635986
0.476445449829
0.476444244385
0.476562164307
0.476020828247
0.475660247803
0.475744918823
0.475685394287
0.475831085205
0.475811447144
0.475855484009
0.475683044434
0.475571929932
0.475354904175
0.475318481445
0.475869094849
0.475575195312
0.475262054443
0.475002365112
0.474616592407
0.474685211182
0.474845809937
0.474854293823
0.474923156738
0.475138778687
0.474909667969
0.475512298584
0.476110733032
0.476724212646
0.498446762085
0.497736709595
0.497489135742
0.497672546387
0.497894866943
0.497904541016
0.498404083252
0.498243270874
0.49824307251
0.498522857666
0.498663757324
0.498681137085
0.498672286987
0.499220596313
0.49873866272
0.498398590088
0.498458511353
0.498129013062
0.497883163452
0.497699111938
0.497701477051
0.497790161133
0.497355285645
0.497424835205
0.49700730896
0.497015472412
0.496673797607
0.497044723511
0.496879486084
0.496403289795
0.496186340332
0.496612411499
0.496379058838
0.496461044312
0.496357666016
0.496207855225
0.496047195435
0.495622238159
0.495245147705
0.495419464111
0.494982589722
0.494387084961
0.494396881104
0.494486343384
0.493897186279
0.493842193604
0.493626174927
0.493801010132
0.493696212769
0.493782119751
0.493570648193
0.493870880127
0.494030990601
0.493575271606
0.493768218994
0.494404251099
0.494106369019
0.4942006073
0.494478225708
0.494326843262
0.492770309448
0.493267883301
0.49347869873
0.494321762085
0.494558273315
0.494028625488
0.494415512085
0.494562438965
0.494475692749
0.494693145752
0.494639785767
0.494475067139
0.494360351563
0.494117996216
0.493561126709
0.493292678833
0.493466903687
0.492969787598
0.49256211853
0.492108047485
0.49208631897
0.492051315308
0.492270019531
0.491850143433
0.491812210083
0.491889465332
0.491563995361
0.491859466553
0.492060241699
0.492026885986
0.491815338135
0.492070129395
0.492020217896
0.492349273682
0.492288223267
0.491938247681
0.49201461792
0.49201890564
0.491931091309
0.492063552856
0.492301895142
0.491985168457
0.491847869873
0.491541748047
0.491693435669
0.491981964111
0.492029571533
0.491866027832
0.491903076172
0.491982116699
0.491235031128
0.491589141846
0.491676544189
0.491401123047
0.491605239868
0.491814361572
0.491498153687
0.491590377808
0.491611602783
0.491589370728
0.490388961792
0.490528869629
0.491266799927
0.491575592041
0.491886917114
0.492106338501
0.492439559937
0.492443145752
0.492213180542
0.492184051514
0.492090072632
0.491905456543
0.492021636963
0.492380966187
0.49238710022
0.4922684021
0.492283889771
0.492320724487
0.492099487305
0.492096008301
0.492106109619
0.492418334961
0.492714645386
0.492596115112
0.492777496338
0.493744232178
0.493239044189
0.49357762146
0.493484313965
0.493271316528
0.493385803223
0.493406204224
0.493377944946
0.493312545776
0.493632049561
0.493092834473
0.493378448486
0.493500030518
0.493324432373
0.493016418457
0.493077377319
0.492948989868
0.493147857666
0.492964904785
0.492881988525
0.492863143921
0.492715118408
0.492867630005
0.493099899292
0.493000808716
0.492637191772
0.492797943115
0.492950775146
0.492982437134
0.493303207397
0.49362689209
0.493478118896
0.493757232666
0.49378553772
0.49383795166
0.492019012451
0.492015106201
0.492040466309
0.492754638672
0.492739624023
0.492703735352
0.492882217407
0.492760467529
0.492848129272
0.492922668457
0.492922485352
0.492813781738
0.49309552002
0.492867324829
0.492938461304
0.492652359009
0.493030166626
0.492895187378
0.492898391724
0.493075912476
0.492955032349
0.49288684082
0.493132446289
0.492929779053
0.492878707886
0.492858718872
0.492905883789
0.492993118286
0.493134674072
0.492849258423
0.492722412109
0.492896820068
0.492990615845
0.493153869629
0.493180343628
0.492820922852
0.492864700317
0.492723236084
0.492917739868
0.493383804321
0.493560562134
0.493245376587
0.493534744263
0.493441207886
0.493319885254
0.493796279907
0.493781600952
0.493646911621
0.49385105896
0.494040771484
0.493733612061
0.494035140991
0.493994155884
0.493832687378
0.494205963135
0.494599227905
0.494664031982
0.495096923828
0.495258468628
0.49523475647
0.493994918823
0.494541320801
0.494847473145
0.495238220215
0.495578384399
0.495422363281
0.495534210205
0.495799362183
0.4956902771
0.495943222046
0.496053497314
0.49588722229
0.496129364014
0.496188140869
0.496119400024
0.496343734741
0.496374435425
0.496426605225
0.496328735352
0.496052062988
0.495593231201
0.495997665405
0.496099578857
0.495979507446
0.496360931396
0.496395584106
0.496413848877
0.496347549438
0.496454681396
0.496279800415
0.496296295166
0.496517791748
0.496331115723
0.496432785034
0.4960206604
0.495751998901
0.496126617432
0.496196868896
0.49578918457
0.495991668701
0.495812713623
0.495789657593
0.495703475952
0.495503738403
0.495440200806
0.495070922852
0.495043640137
0.495218551636
0.495207885742
0.49490423584
0.494694839478
0.494722137451
0.494553894043
0.494351791382
0.494325698853
0.494302108765
0.494065170288
0.493854614258
0.49403263855
0.493631958008
0.491845626831
0.491865951538
0.492082565308
0.492348922729
0.492370498657
0.491887542725
0.492133666992
0.491687515259
0.491698196411
0.491990310669
0.491890930176
0.491625091553
0.491812316895
0.491769882202
0.491301879883
0.491316513062
0.491547042847
0.491532775879
0.491278686523
0.491482009888
0.491387771606
0.491653289795
0.491608276367
0.491531204224
0.492499740601
0.492750289917
0.492576141357
0.492838287354
0.493179794312
0.492938034058
0.493014663696
0.493245315552
0.493174530029
0.493757003784
0.493906021118
0.493980148315
0.494311950684
0.494490493774
0.494792922974
0.495348648071
0.495737243652
0.496396194458
0.496992782593
0.497437026978
0.497801589966
0.498215698242
0.498611343384
0.499047821045
0.500003662109
0.500601333618
0.501065887451
0.501807373047
0.502447677612
0.502906616211
0.503751312256
0.504082214355
0.504315429687
0.505343521118
0.505707733154
0.506121200562
0.505665588379
0.506173355103
0.506874816895
0.507937591553
0.508362991333
0.508307403564
0.509410186768
0.510031066895
0.51073777771
0.511556304932
0.511980255127
0.512391464233
0.513180633545
0.513618759155
0.514014190674
0.514435302734
0.514844345093
0.515533660889
0.516233840942
0.516741744995
0.516770812988
0.517142486572
0.517524612427
0.518084777832
0.517843399048
0.498784637451
0.49917098999
0.499637039185
0.500043212891
0.500424194336
0.501416946411
0.501762481689
0.501818130493
0.502628982544
0.502969146729
0.503029571533
0.503586517334
0.50418560791
0.504518890381
0.50509046936
0.505458999634
0.50652406311
0.506955535889
0.507084182739
0.507954681396
0.508254348755
0.508768844604
0.509478897095
0.510180618286
0.510589569092
0.510873519897
0.511295837402
0.511625595093
0.512175201416
0.512593353271
0.512873260498
0.513417633057
0.513798583984
0.514240722656
0.515091064453
0.51408190918
0.51454335022
0.515190658569
0.515397232056
0.515623474121
0.516016052246
0.516299545288
0.516440475464
0.517176879883
0.517668670654
0.517788955688
0.517970108032
0.517758117676
0.517495254517
0.517255172729
0.515327789307
0.486774612427
0.489429428101
0.49098336792
0.491557800293
0.49224899292
0.492707870483
0.492919616699
0.493812088013
0.494474563599
0.494954559326
0.495989501953
0.496351821899
0.496936309814
0.497903793335
0.498533187866
0.498957717896
0.499668716431
0.500145263672
0.500693527222
0.501696075439
0.502343902588
0.502890975952
0.503903671265
0.504385894775
0.504809127808
0.505132583618
0.50545741272
0.505842590332
0.506092178345
0.506362915039
0.506770782471
0.50735333252
0.507350112915
0.507534927368
0.508075134277
0.508327392578
0.508717758179
0.508984298706
0.509249206543
0.509320083618
0.509940383911
0.510290771484
0.510331069946
0.510707717896
0.510177581787
0.510273696899
0.510777359009
0.5110078125
0.511212493896
0.511523605347
0.511940002441
0.512117248535
0.512768966675
0.513129470825
0.513144683838
0.513573547363
0.513546066284
0.513733276367
0.513845077515
0.513569244385
0.513620880127
0.514041351318
0.514240203857
0.513875488281
0.514464050293
0.514780227661
0.515000686646
0.515362564087
0.515615127563
0.515887420654
0.516499649048
0.516519317627
0.516503204346
0.516383010864
0.516066589355
0.515473144531
0.515476455688
0.514878356934
0.513898605347
0.516942138672
0.518387664795
0.519350311279
0.520519378662
0.521094055176
0.521497879028
0.521658706665
0.52202645874
0.521076461792
0.490810897827
0.492208892822
0.492949035645
0.493296905518
0.493869812012
0.494266433716
0.494960372925
0.495259017944
0.495783081055
0.496228591919
0.497067687988
0.497079437256
0.497409790039
0.497632904053
0.497986129761
0.498531814575
0.497995956421
0.498487167358
0.499001251221
0.499413452148
0.499581878662
0.500102844238
0.500509231567
0.500853103638
0.501408889771
0.501775497437
0.502077713013
0.502496704102
0.502898376465
0.503031951904
0.503440505981
0.503850906372
0.504021453857
0.504242095947
0.50479914856
0.505006851196
0.505891098022
0.506510223389
0.506508010864
0.507143203735
0.507881484985
0.508375183105
0.508509185791
0.508786102295
0.5093074646
0.509600738525
0.509332122803
0.509369522095
0.509749847412
0.510083099365
0.511953338623
0.513037246704
0.513783004761
0.514411392212
0.515174118042
0.515474517822
0.515677200317
0.515829162598
0.515981124878
0.516182846069
0.515737792969
0.481527862549
0.482322601318
0.483906051636
0.484508117676
0.484726150513
0.485418884277
0.485697189331
0.486128555298
0.486639892578
0.487113372803
0.487362243652
0.487836013794
0.488155502319
0.488449691772
0.489125061035
0.488678390503
0.488904891968
0.489428604126
0.489979537964
0.490039047241
0.490468032837
0.49111491394
0.49136529541
0.492105682373
0.492392028809
0.492732498169
0.4932449646
0.493140274048
0.493268234253
0.493491134644
0.493033508301
0.492597442627
0.49227142334
0.492213699341
0.494417327881
0.495802322388
0.496021560669
0.496430740356
0.496747146606
0.496603912354
0.496392471313
0.496690750122
0.496790344238
0.496390884399
0.495837554932
0.49521585083
0.493990493774
0.454953842163
0.460109359741
0.460668701172
0.460474716187
0.46040234375
0.459995941162
0.459227035522
0.45870803833
0.458224090576
0.457565994263
0.456962081909
0.455995727539
0.455550506592
0.454787307739
0.454073852539
0.453349411011
0.452629730225
0.451405761719
0.45076071167
0.449804244995
0.448820663452
0.448189849854
0.447486953735
0.446804321289
0.445905715942
0.445153457642
0.44455305481
0.444217514038
0.441290527344
0.440882781982
0.440784851074
0.44082649231
0.44011265564
0.440182388306
0.43996673584
0.439730056763
0.439691070557
0.439382629395
0.439170608521
0.439047027588
0.438835205078
0.438225402832
0.437767166138
0.43722088623
0.436699630737
0.436025772095
0.435537887573
0.434750411987
0.434802703857
0.434529067993
0.434118713379
0.433743896484
0.433256118774
0.432758468628
0.432049880981
0.431488479614
0.430702102661
0.429849960327
0.428855514526
0.427926147461
0.426810058594
0.425969558716
0.424731948853
0.423885253906
0.422895904541
0.421728179932
0.420877197266
0.419982055664
0.418828170776
0.418344055176
0.417346099854
0.416859817505
0.416323257446
0.41559928894
0.414667663574
0.413992019653
0.412936477661
0.411767730713
0.410970352173
0.410049285889
0.408786758423
0.407537536621
0.406444656372
0.405022338867
0.404340774536
0.40428125
0.42800541687
0.426644958496
0.425824356079
0.424746032715
0.424132827759
0.422907531738
0.422039108276
0.42102293396
0.42015536499
0.419063400269
0.418254837036
0.417310302734
0.416185440063
0.415168228149
0.414122299194
0.412391113281
0.411025863647
0.40956211853
0.408173873901
0.406844268799
0.405499069214
0.404413742065
0.403546798706
0.402495223999
0.40126574707
0.400940444946
0.40025163269
0.399817337036
0.399757400513
0.399045211792
0.398456466675
0.397819000244
0.397002243042
0.396522766113
0.396322189331
0.395770584106
0.395216766357
0.395201843262
0.395419586182
0.395173812866
0.395912780762
0.414799957275
0.415713378906
0.416692138672
0.417081542969
0.417575897217
0.418251083374
0.418904632568
0.418946960449
0.419338241577
0.419300216675
0.419488952637
0.419926620483
0.419918914795
0.419825027466
0.420130386353
0.420321212769
0.420383010864
0.420646255493
0.420981567383
0.421130157471
0.421696487427
0.419274505615
0.419455032349
0.41975038147
0.420090087891
0.42033430481
0.420658370972
0.420607543945
0.420509170532
0.420792053223
0.420975646973
0.421016876221
0.421169281006
0.421238647461
0.421467193604
0.421309646606
0.421382965088
0.421339523315
0.421407455444
0.421157745361
0.42127722168
0.421566864014
0.421563110352
0.421716186523
0.422575897217
0.422535385132
0.42259526062
0.422678466797
0.422874465942
0.422729324341
0.42281854248
0.422437652588
0.422309783936
0.422586196899
0.422850387573
0.422922805786
0.423392425537
0.424065078735
0.439907821655
0.441685791016
0.442470962524
0.443724395752
0.444535797119
0.445221954346
0.44566545105
0.446231842041
0.446605926514
0.447349853516
0.448800552368
0.449532546997
0.449869598389
0.450774414062
0.451387252808
0.451902069092
0.452447998047
0.452702926636
0.452675292969
0.453007064819
0.45308984375
0.452983413696
0.453072875977
0.450901290894
0.451123260498
0.451531173706
0.451771514893
0.451692687988
0.452130218506
0.452033615112
0.452023391724
0.45219644165
0.452249160767
0.452115142822
0.452338394165
0.452473007202
0.452061340332
0.451891677856
0.451780151367
0.451559799194
0.451427749634
0.451206939697
0.45116506958
0.451109619141
0.451178283691
0.45086138916
0.450743743896
0.45078263855
0.45082585144
0.450651672363
0.450770263672
0.450504776001
0.450715118408
0.450445098877
0.450274032593
0.450492950439
0.450591079712
0.450388031006
0.450474990845
0.450663482666
0.450499588013
0.45052545166
0.450687561035
0.450894119263
0.451009262085
0.451305236816
0.45089390564
0.450931884766
0.450777160645
0.450626312256
0.450704421997
0.450788070679
0.450814498901
0.450734710693
0.450649169922
0.450478012085
0.450601654053
0.45065196228
0.450953674316
0.450881027222
0.451080215454
0.451206512451
0.451456954956
0.447971511841
0.448424987793
0.448744918823
0.448957962036
0.449226272583
0.449827514648
0.45028515625
0.450499816895
0.450593078613
0.450790756226
0.450771087646
0.450935928345
0.451205581665
0.451437591553
0.45191229248
0.451812942505
0.45206312561
0.45207119751
0.451990493774
0.452005935669
0.45211315918
0.45222013855
0.452345397949
0.452250549316
0.452152557373
0.451977493286
0.45220803833
0.452194000244
0.452127960205
0.452197067261
0.451640579224
0.451699569702
0.451901153564
0.451963699341
0.451720474243
0.451651473999
0.451517532349
0.451390274048
0.45151260376
0.451485092163
0.451286605835
0.451370559692
0.451578399658
0.45137663269
0.451672454834
0.45153314209
0.451710174561
0.451607086182
0.451723648071
0.451531173706
0.451227584839
0.451363006592
0.451164215088
0.451224349976
0.451267807007
0.4511121521
0.450898986816
0.451065093994
0.450957550049
0.450752716064
0.44701020813
0.447270446777
0.447537139893
0.447761932373
0.448244766235
0.448894088745
0.449182403564
0.449349273682
0.449286682129
0.449366699219
0.449524169922
0.449525985718
0.449395187378
0.449507125854
0.449442398071
0.449674926758
0.449568267822
0.449671127319
0.449482208252
0.449360351562
0.44908934021
0.449078201294
0.448940307617
0.448705200195
0.448664932251
0.448785522461
0.448802520752
0.448663024902
0.448761795044
0.448927978516
0.449209991455
0.449289779663
0.449603317261
0.449656158447
0.449824798584
0.450091567993
0.450490951538
0.450745681763
0.450817199707
0.451196151733
0.451277801514
0.451442611694
0.4522315979
0.453014633179
0.453535018921
0.453888641357
0.454393768311
0.455055648804
0.455688552856
0.455766555786
0.4565209198
0.457377441406
0.457784286499
0.458536346436
0.459124603271
0.459143203735
0.459885253906
0.460285858154
0.46066947937
0.461251525879
0.458008789062
0.458999633789
0.459906341553
0.460820800781
0.461028503418
0.461878143311
0.462803131104
0.463470550537
0.463480239868
0.463595748901
0.463758270264
0.464530044556
0.464746200562
0.464914367676
0.465544555664
0.465766784668
0.465885467529
0.465724472046
0.465766540527
0.465736724854
0.465853302002
0.466194473267
0.466383026123
0.466608596802
0.467044723511
0.466425811768
0.466642974854
0.466609924316
0.465824676514
0.466190139771
0.466053924561
0.46572277832
0.465557647705
0.465500869751
0.464209289551
0.464487686157
0.464289337158
0.463800201416
0.46373526001
0.463553131104
0.462916549683
0.461869735718
0.461785705566
0.460805053711
0.460370620728
0.459629440308
0.458328399658
0.458109161377
0.457696578979
0.456532943726
0.456348861694
0.456084213257
0.455821365356
0.455751876831
0.455593002319
0.454945587158
0.454524765015
0.454027328491
0.452869857788
0.451986373901
0.448892684937
0.448516494751
0.448133361816
0.447503372192
0.446381134033
0.446102661133
0.445501464844
0.444088409424
0.443735412598
0.443090896606
0.442428512573
0.441748855591
0.440871353149
0.439791900635
0.439328552246
0.438900680542
0.438422653198
0.438137054443
0.437996231079
0.43740776062
0.437333297729
0.437168136597
0.436835845947
0.437164413452
0.437171890259
0.436493041992
0.436626937866
0.436465560913
0.436513458252
0.436569717407
0.436017623901
0.435977920532
0.436177246094
0.436143081665
0.435822296143
0.435803970337
0.435761489868
0.435780639648
0.435928451538
0.436166259766
0.436337539673
0.436358047485
0.436499603271
0.436335189819
0.436864013672
0.436660736084
0.436669281006
0.436698440552
0.437199584961
0.437041763306
0.437163208008
0.437028396606
0.4367527771
0.437272674561
0.437872772217
0.437746078491
0.437805541992
0.437919586182
0.438169464111
0.438451873779
0.435438568115
0.435723007202
0.436064498901
0.43620803833
0.436044174194
0.436258010864
0.436192321777
0.435761077881
0.436832290649
0.436931015015
0.436821395874
0.43679927063
0.436907409668
0.436578369141
0.436795791626
0.436579788208
0.436642944336
0.436707778931
0.436504852295
0.436504959106
0.436764877319
0.436589675903
0.436729721069
0.436770446777
0.436630279541
0.436452224731
0.436187698364
0.43664012146
0.436534957886
0.436441009521
0.436376220703
0.436443115234
0.436335235596
0.436750427246
0.436589477539
0.436614685059
0.436716461182
0.436605865479
0.436930923462
0.436790802002
0.436722702026
0.43703314209
0.436995285034
0.436888504028
0.437164810181
0.436969558716
0.437102813721
0.437184677124
0.437307281494
0.437138778687
0.437114532471
0.437041564941
0.437060638428
0.437132629395
0.436932296753
0.436858337402
0.437137466431
0.436831787109
0.436762863159
0.436681137085
0.434742904663
0.434569335937
0.435174057007
0.435489303589
0.435474441528
0.435504318237
0.435605026245
0.435593551636
0.435751205444
0.435787994385
0.435818862915
0.436176834106
0.436058700562
0.436054290771
0.436077926636
0.435974746704
0.435780639648
0.435743652344
0.435926422119
0.435587417603
0.4357162323
0.435904754639
0.435810791016
0.435954238892
0.435825881958
0.435729812622
0.435564941406
0.435996170044
0.435823654175
0.435979309082
0.4364190979
0.436182312012
0.436450485229
0.43629598999
0.436176040649
0.436354797363
0.436653274536
0.436495697021
0.436507461548
0.436558502197
0.436419067383
0.436664108276
0.436641067505
0.43638142395
0.436685516357
0.437013092041
0.436826873779
0.436930908203
0.437061386108
0.437016540527
0.437065628052
0.437353057861
0.437240234375
0.437346328735
0.437687362671
0.437413299561
0.437621429443
0.437420593262
0.437453781128
0.437736907959
0.435298339844
0.435385681152
0.435542205811
0.435959976196
0.43580255127
0.435979858398
0.436448181152
0.436508255005
0.436312332153
0.436759658813
0.43658895874
0.436371917725
0.436606735229
0.436730239868
0.436870147705
0.436828170776
0.437025436401
0.437261505127
0.4367915802
0.43683984375
0.437130249023
0.436887954712
0.437322372437
0.43744354248
0.437362884521
0.437306015015
0.437176544189
0.437460403442
0.437354293823
0.437446914673
0.437343521118
0.437170227051
0.437433441162
0.437111404419
0.436839370728
0.436462966919
0.436887268066
0.436862304688
0.437244491577
0.437179199219
0.437061965942
0.436999603271
0.436952697754
0.4367159729
0.437176864624
0.436981582642
0.436582199097
0.436419845581
0.436415771484
0.436171203613
0.43595173645
0.436264633179
0.435899368286
0.436234771729
0.436308914185
0.435815856934
0.436270843506
0.436306106567
0.435938827515
0.435961486816
0.434313980103
0.434162185669
0.434773727417
0.434780136108
0.434960174561
0.434776977539
0.435045501709
0.43514755249
0.435029953003
0.434978500366
0.435116592407
0.435319717407
0.435228225708
0.435072250366
0.434934585571
0.434801574707
0.434298583984
0.434565460205
0.434359344482
0.434062866211
0.434007614136
0.433557754517
0.433927536011
0.435052505493
0.435582290649
0.435879150391
0.436239074707
0.43518687439
0.433703430176
0.433345230103
0.433431472778
0.433172119141
0.433957824707
0.433951263428
0.43443107605
0.434989517212
0.456885925293
0.455297149658
0.455778381348
0.455583236694
0.45598538208
0.455953201294
0.455677200317
0.455739532471
0.455943283081
0.456122909546
0.45574369812
0.455575805664
0.456016860962
0.455243881226
0.455336669922
0.454979003906
0.455173171997
0.455151672363
0.45511769104
0.454682403564
0.454778244019
0.454634521484
0.454718276978
0.454552062988
0.4525259552
0.452999633789
0.452861602783
0.453084793091
0.453123275757
0.45331036377
0.45364239502
0.453662399292
0.454200439453
0.454682739258
0.454614501953
0.455420547485
0.456086380005
0.456457061768
0.457885116577
0.457986114502
0.458357589722
0.457902786255
0.458338439941
0.458347366333
0.459797836304
0.460195678711
0.460858688354
0.462279022217
0.463635009766
0.464508590698
0.466479995728
0.467482467651
0.468407958984
0.469221679688
0.470320526123
0.470067504883
0.450857131958
0.453532943726
0.454253601074
0.455070495605
0.455999053955
0.45642137146
0.457276565552
0.457555038452
0.458734603882
0.460144180298
0.461169815063
0.461377365112
0.462546539307
0.462827941895
0.462520523071
0.463327026367
0.463973968506
0.462969512939
0.463344161987
0.463452362061
0.462605987549
0.463227035522
0.462473693848
0.46181980896
0.460859680176
0.459478927612
0.457636352539
0.455349136353
0.451470169067
0.450317184448
0.450133010864
0.44896055603
0.448765884399
0.448938461304
0.449087387085
0.449078033447
0.449771606445
0.449349945068
0.448382858276
0.448441802979
0.447720336914
0.446365844727
0.445308944702
0.444666244507
0.444792221069
0.445579483032
0.446832839966
0.447804641724
0.448935913086
0.450237106323
0.451283859253
0.452414489746
0.45395866394
0.45472668457
0.45597227478
0.45795513916
0.459704956055
0.462639480591
0.464191009521
0.466514053345
0.468512069702
0.470636810303
0.471578811646
0.473763916016
0.475546127319
0.477320205688
0.479466674805
0.480118301392
0.480457214355
0.480763397217
0.481046295166
0.48132762146
0.48173008728
0.480931289673
0.480923553467
0.481111022949
0.481403640747
0.481200149536
0.481395309448
0.481571716309
0.481052825928
0.481253326416
0.481565979004
0.481254135132
0.48178553772
0.481286331177
0.481561340332
0.481789505005
0.477986373901
0.478959197998
0.479461227417
0.479957427979
0.480042251587
0.480493270874
0.480864227295
0.48114654541
0.481846893311
0.482094955444
0.482493057251
0.483180541992
0.4832525177
0.483546386719
0.483954345703
0.483878707886
0.484117340088
0.484369018555
0.484497543335
0.484332138062
0.484137039185
0.484270172119
0.484417739868
0.484208831787
0.484155929565
0.484085632324
0.484161743164
0.48402947998
0.483895828247
0.484015594482
0.483713531494
0.48351802063
0.483756744385
0.483759170532
0.483504119873
0.48342237854
0.483324371338
0.483132034302
0.483227844238
0.482853424072
0.482901733398
0.482674072266
0.482937561035
0.483285568237
0.483277633667
0.483055404663
0.482984100342
0.483090515137
0.483340698242
0.483050750732
0.482745849609
0.483121841431
0.483285720825
0.483449081421
0.483359970093
0.483598571777
0.483698806763
0.483626144409
0.483352432251
0.483499465942
0.479959442139
0.480344726562
0.480800918579
0.480895217896
0.480817932129
0.481210845947
0.481183792114
0.481100692749
0.48118510437
0.48104473877
0.48059185791
0.480594207764
0.480593994141
0.480172576904
0.480159484863
0.479942092896
0.479784561157
0.479903182983
0.479673736572
0.479243759155
0.479211486816
0.478785430908
0.478730026245
0.478815628052
0.478827163696
0.478425933838
0.478510498047
0.478753540039
0.478833145142
0.478745925903
0.478576690674
0.478300140381
0.478023269653
0.478007461548
0.47777835083
0.477775222778
0.47755871582
0.477579101562
0.477845321655
0.477551956177
0.477421447754
0.477607910156
0.477394302368
0.477145492554
0.477311981201
0.476916381836
0.476570373535
0.476622253418
0.476786804199
0.47633013916
0.476192993164
0.476402908325
0.476141723633
0.476404541016
0.476273803711
0.476321517944
0.47627684021
0.476262573242
0.476550643921
0.476370605469
0.473033966064
0.47350642395
0.473708206177
0.47441078186
0.474492446899
0.474363342285
0.474626113892
0.474805786133
0.47484967041
0.474563751221
0.474927322388
0.474639862061
0.474716110229
0.474980484009
0.475028625488
0.474655029297
0.474661468506
0.474396255493
0.474052734375
0.473944030762
0.47422845459
0.474368240356
0.474262695312
0.474721893311
0.474513687134
0.474785995483
0.475140838623
0.47527255249
0.475453445435
0.475833572388
0.475792114258
0.475994262695
0.47604675293
0.476781066895
0.47640776062
0.476578079224
0.476833206177
0.476968551636
0.477035202026
0.477116546631
0.476966140747
0.476898757935
0.476628509521
0.476407012939
0.476279541016
0.47627444458
0.475674194336
0.47613583374
0.475528335571
0.475231048584
0.475099487305
0.475166763306
0.475186096191
0.475110107422
0.474939651489
0.474700439453
0.474856185913
0.474486160278
0.473982406616
0.473755874634
0.470711410522
0.470535110474
0.470510116577
0.470252960205
0.469910476685
0.470088058472
0.469858230591
0.46956439209
0.469588912964
0.469345367432
0.468971008301
0.468865814209
0.468724243164
0.46863432312
0.468575393677
0.468095443726
0.467671585083
0.467157913208
0.466994216919
0.466483383179
0.465951629639
0.465959609985
0.4656534729
0.465270263672
0.464967346191
0.464767593384
0.464465164185
0.464133651733
0.463735488892
0.463097549438
0.462585662842
0.46237651062
0.462108673096
0.461512893677
0.460870071411
0.460896362305
0.460443374634
0.459966827393
0.459333648682
0.459380187988
0.45922605896
0.459197219849
0.45900012207
0.458846618652
0.458810440063
0.458230209351
0.457851104736
0.457982055664
0.457690505981
0.457074615479
0.457243789673
0.456946166992
0.456870452881
0.457272735596
0.457181747437
0.475228164673
0.47519519043
0.474927474976
0.475132843018
0.475470611572
0.475294433594
0.475474639893
0.475673446655
0.475863204956
0.476131057739
0.475811630249
0.475890991211
0.475935379028
0.475873245239
0.476044036865
0.47593812561
0.475664886475
0.475645507812
0.475032485962
0.475207565308
0.474957504272
0.474814147949
0.474620391846
0.474529449463
0.474238998413
0.474353271484
0.474360870361
0.47399281311
0.474094665527
0.473908355713
0.474094116211
0.47408972168
0.474502456665
0.474605102539
0.474726196289
0.474903594971
0.474546859741
0.475079879761
0.475384384155
0.475766921997
0.475705123901
0.475532485962
0.475644760132
0.475416152954
0.475669998169
0.475130645752
0.474902999878
0.475105377197
0.474836761475
0.474750549316
0.474580551147
0.474204605103
0.473948791504
0.473691635132
0.473593856812
0.473389160156
0.473342651367
0.473241470337
0.47332989502
0.473407241821
0.473305252075
0.473218063354
0.473359649658
0.4734322052
0.473636871338
0.470743209839
0.471072494507
0.471391571045
0.471852050781
0.472334701538
0.472824035645
0.47295791626
0.473151824951
0.473245895386
0.473756240845
0.473876174927
0.474115249634
0.474670883179
0.475145004272
0.475298553467
0.474703536987
0.474388687134
0.474249603271
0.474159179687
0.473858535767
0.474002075195
0.474328140259
0.473952713013
0.474419998169
0.474342391968
0.474268875122
0.473848083496
0.473806869507
0.473895706177
0.473951538086
0.47363394165
0.47343447876
0.47352142334
0.473419845581
0.473351470947
0.473572158813
0.473696640015
0.473374511719
0.473445541382
0.473367233276
0.473425491333
0.473562393188
0.473579528809
0.47354258728
0.473494125366
0.473560287476
0.473497024536
0.473524414063
0.473777023315
0.473505523682
0.473480422974
0.473581634521
0.473321899414
0.473354797363
0.473339675903
0.47365083313
0.473861206055
0.474085296631
0.473953781128
0.474294677734
0.470884124756
0.471310180664
0.472143417358
0.472336853027
0.472621932983
0.473147964478
0.473672668457
0.473452606201
0.473487380981
0.473355239868
0.473020858765
0.472811462402
0.472468048096
0.471916519165
0.471963699341
0.471908248901
0.471847503662
0.471947265625
0.472208831787
0.471965789795
0.472333740234
0.472576858521
0.473039840698
0.472986038208
0.472719726563
0.472683197021
0.473033813477
0.473267379761
0.473276992798
0.473409179688
0.473482452393
0.473125411987
0.473104568481
0.473425430298
0.473207687378
0.473097122192
0.473082366943
0.473107162476
0.473157012939
0.473175842285
0.472865203857
0.473025085449
0.473074478149
0.473244674683
0.473627914429
0.473575469971
0.473569488525
0.473804595947
0.474048309326
0.474085601807
0.474360549927
0.474568222046
0.474821899414
0.474980270386
0.475052139282
0.474810668945
0.475259536743
0.475289505005
0.475532730103
0.475555984497
0.474256851196
0.475405609131
0.476225540161
0.477122360229
0.47740612793
0.477433746338
0.477451980591
0.477047805786
0.476402023315
0.476312759399
0.476054290771
0.475585952759
0.475626724243
0.475754653931
0.47581262207
0.475456039429
0.475590057373
0.476305648804
0.476577255249
0.47687953186
0.477207977295
0.477402984619
0.477133636475
0.477473464966
0.4775756073
0.477807373047
0.478233184814
0.478335388184
0.478699188232
0.478581512451
0.478619766235
0.478760406494
0.478653396606
0.478646072388
0.47849697876
0.478694839478
0.478984024048
0.479169235229
0.479388824463
0.479463867188
0.479356262207
0.47965574646
0.479750793457
0.48012979126
0.48032699585
0.48004776001
0.480155914307
0.48034703064
0.48028666687
0.480199523926
0.480658096313
0.480778961182
0.480717895508
0.48088117981
0.481108886719
0.48121534729
0.481469039917
0.481677047729
0.481599411011
0.48149961853
0.479136077881
0.479121429443
0.479471557617
0.479917678833
0.480179763794
0.48050352478
0.48072013855
0.480938476562
0.481133483887
0.481430023193
0.481922286987
0.482189117432
0.482390487671
0.482261138916
0.482291244507
0.482427398682
0.482344390869
0.482256484985
0.482239807129
0.482179580688
0.482448654175
0.482622070313
0.482545547485
0.482608901978
0.482598220825
0.482850265503
0.48317376709
0.483381835938
0.4833465271
0.48361026001
0.483870483398
0.484080444336
0.484296859741
0.48465586853
0.484875030518
0.484675964355
0.484822097778
0.484595687866
0.457554031372
0.459913299561
0.460317184448
0.460520263672
0.460989212036
0.461217102051
0.461412445068
0.461858169556
0.46157723999
0.461688354492
0.462111221313
0.462361755371
0.463108230591
0.463695220947
0.464024581909
0.464816146851
0.465547225952
0.465922912598
0.466014938354
0.466429000854
0.466351043701
0.467172836304
0.466109390259
0.4672240448
0.468905029297
0.470686569214
0.472037887573
0.473686218262
0.475317947388
0.476500213623
0.477930221558
0.478675704956
0.478929397583
0.47943447876
0.479696014404
0.479721755981
0.480062545776
0.480427032471
0.480221405029
0.480289505005
0.480279937744
0.480530639648
0.481088363647
0.480902801514
0.480948104858
0.481333526611
0.481475448608
0.480867370605
0.480810516357
0.480486083984
0.480224517822
0.480635360718
0.480559234619
0.480455245972
0.480395462036
0.480363571167
0.4802240448
0.480431625366
0.480344100952
0.480438232422
0.480438720703
0.480649337769
0.480703491211
0.480596115112
0.480890838623
0.480779586792
0.480694900513
0.480445159912
0.480434066772
0.480180343628
0.480367111206
0.479945159912
0.479863296509
0.480041534424
0.480053726196
0.479988601685
0.48006413269
0.479840301514
0.480145492554
0.479779312134
0.479707366943
0.479759338379
0.478516372681
0.478329956055
0.478633529663
0.478627563477
0.47828527832
0.478503448486
0.478367950439
0.47830480957
0.478358734131
0.478266067505
0.478409881592
0.478367767334
0.478169937134
0.478012298584
0.47820501709
0.477806991577
0.477802062988
0.477704620361
0.477692306519
0.477460235596
0.477319137573
0.477463394165
0.477008483887
0.476899780273
0.476853134155
0.47650541687
0.476679321289
0.476292404175
0.476381576538
0.476153427124
0.476106536865
0.475643432617
0.475848327637
0.475516906738
0.475392990112
0.475281112671
0.475362686157
0.475103759766
0.474957855225
0.475130218506
0.474690170288
0.474512939453
0.474560195923
0.473942184448
0.473914077759
0.473833892822
0.473542312622
0.473246231079
0.47341619873
0.472494155884
0.472510650635
0.472555145264
0.472330154419
0.471915771484
0.471859771729
0.471781417847
0.471501693726
0.471695068359
0.471186309814
0.471537582397
0.470356506348
0.469972747803
0.470389419556
0.470113922119
0.470147323608
0.470082946777
0.469958358765
0.469964035034
0.469638778687
0.469645645142
0.46930796814
0.469412094116
0.469407577515
0.468690643311
0.468746154785
0.468537597656
0.468023666382
0.468059402466
0.467591461182
0.467695053101
0.4674425354
0.467420547485
0.467001922607
0.46683782959
0.466873947144
0.466510482788
0.466429199219
0.466256164551
0.466040939331
0.465806808472
0.465273544312
0.464641433716
0.464301879883
0.463715316772
0.462370910645
0.461683334351
0.460971969604
0.460174758911
0.459788131714
0.459706466675
0.486159088135
0.48343447876
0.481665664673
0.481884384155
0.481911697388
0.481458251953
0.481440505981
0.481312637329
0.481534683228
0.480922470093
0.480894851685
0.4808099823
0.480531311035
0.480527694702
0.480462753296
0.480237457275
0.48006401062
0.48009803772
0.479746109009
0.47956930542
0.478253417969
0.478006561279
0.477995559692
0.478045455933
0.477707427979
0.477605117798
0.477570892334
0.477084091187
0.477117767334
0.47689263916
0.476657699585
0.476466125488
0.476242370605
0.475989440918
0.475762939453
0.475320022583
0.475069763184
0.474792694092
0.474473846436
0.47413873291
0.474039306641
0.473862060547
0.473453338623
0.473353500366
0.473342712402
0.472957214355
0.472612335205
0.472637329102
0.472211410522
0.471975082397
0.471696395874
0.471389343262
0.471234512329
0.471019454956
0.470828201294
0.4706509552
0.470318099976
0.470307540894
0.469944229126
0.469693283081
0.469188980103
0.469170425415
0.468935058594
0.468710281372
0.468454421997
0.467920532227
0.467777069092
0.467818664551
0.467596893311
0.467018051147
0.467283874512
0.46743888855
0.467884094238
0.490531921387
0.488122970581
0.487947570801
0.487962005615
0.487958068848
0.487905899048
0.487828399658
0.487477554321
0.48738822937
0.48754486084
0.487400131226
0.487163146973
0.487012710571
0.487037078857
0.486746810913
0.486214431763
0.486517883301
0.486131347656
0.485900405884
0.485909408569
0.485388916016
0.485470046997
0.484848587036
0.484461639404
0.484331893921
0.48379133606
0.483723876953
0.48331048584
0.483166870117
0.483055953979
0.482630844116
0.482493453979
0.482391815186
0.481799789429
0.481470306396
0.481577682495
0.481143966675
0.480917190552
0.48051789856
0.48021522522
0.480335922241
0.479452362061
0.479049682617
0.479200714111
0.478496963501
0.4784662323
0.478122024536
0.477447418213
0.477356384277
0.476979644775
0.476978317261
0.476589797974
0.476385131836
0.475404907227
0.475718887329
0.47527772522
0.474705413818
0.474472702026
0.474221435547
0.47383531189
0.473784347534
0.473263336182
0.473127334595
0.472662094116
0.472336090088
0.472161056519
0.471874252319
0.472015594482
0.471784912109
0.471708435059
0.471956039429
0.470821914673
0.470573501587
0.470167053223
0.469589828491
0.469870513916
0.469513778687
0.469571990967
0.486425521851
0.485373657227
0.484992996216
0.485508499146
0.48540145874
0.485689331055
0.485917755127
0.485843170166
0.486050582886
0.486048629761
0.486275253296
0.485784484863
0.486071533203
0.485909515381
0.485560958862
0.485541000366
0.485324859619
0.485242080688
0.484702804565
0.484229553223
0.484216659546
0.483755630493
0.483931945801
0.483058120728
0.483354873657
0.482799530029
0.482789978027
0.482240432739
0.482430130005
0.482014343262
0.481755737305
0.481657485962
0.481171707153
0.481028152466
0.480817306519
0.480441650391
0.480157516479
0.479970855713
0.479611206055
0.479525650024
0.4793515625
0.479566177368
0.478554000854
0.477373092651
0.477370727539
0.476576171875
0.476623977661
0.476357040405
0.476638885498
0.494317855835
0.493736099243
0.493801177979
0.493770797729
0.493110687256
0.49360874939
0.493193527222
0.493039123535
0.493018783569
0.492729553223
0.492874282837
0.49231072998
0.492233810425
0.49230581665
0.49160949707
0.491359390259
0.490706619263
0.490838638306
0.490514083862
0.490242233276
0.490394607544
0.48988420105
0.489867950439
0.489495605469
0.489636825562
0.489200683594
0.488738037109
0.48883706665
0.488568328857
0.488304641724
0.487438720703
0.487183227539
0.48705770874
0.487100524902
0.486774856567
0.486666625977
0.486382720947
0.486313018799
0.486201141357
0.486109054565
0.485739059448
0.485530227661
0.485511764526
0.485160247803
0.485597961426
0.485751068115
0.485528884888
0.485898101807
0.485362533569
0.483878585815
0.483554443359
0.483452941895
0.483607406616
0.498649414062
0.499104522705
0.499735900879
0.500607650757
0.501391342163
0.502437149048
0.504290115356
0.505818313599
0.507597061157
0.509553359985
0.511526535034
0.512869918823
0.514969284058
0.51667855835
0.518399887085
0.520477371216
0.521923858643
0.524122283936
0.526385574341
0.528204208374
0.529486190796
0.530779205322
0.531618392944
0.53255267334
0.533722122192
0.534080200195
0.534662109375
0.535134002686
0.536066558838
0.536486633301
0.536964752197
0.536655044556
0.520275756836
0.521212890625
0.521942947388
0.522070678711
0.52302545166
0.522952133179
0.523223953247
0.523903533936
0.524272323608
0.524951217651
0.525688140869
0.52603817749
0.526531387329
0.526312713623
0.508003921509
0.508878646851
0.509844558716
0.509878723145
0.510263214111
0.510390380859
0.510320144653
0.510285522461
0.510690078735
0.510893569946
0.510803329468
0.511315231323
0.511485671997
0.511744400024
0.512161331177
0.512470489502
0.512572570801
0.512846496582
0.513355773926
0.513470687866
0.513985412598
0.512059234619
0.512315414429
0.512463821411
0.51295489502
0.512783554077
0.512995376587
0.513296417236
0.513400772095
0.513935577393
0.514555877686
0.51508795166
0.516091567993
0.516415405273
0.516782608032
0.517341415405
0.517374969482
0.517787963867
0.518136856079
0.518109863281
0.517669265747
0.520503601074
0.521423217773
0.523147949219
0.525215530396
0.526854003906
0.529083404541
0.530517715454
0.512688323975
0.516725814819
0.519535690308
0.520043945313
0.52008404541
0.519970153809
0.518630096436
0.5177552948
0.518389526367
0.518067672729
0.518379196167
0.521880172729
0.523732543945
0.524844573975
0.525843780518
0.526437469482
0.526685180664
0.526354766846
0.505700912476
0.507422912598
0.509521972656
0.50991835022
0.510196792603
0.51080430603
0.511154693604
0.511040466309
0.510456390381
0.509302444458
0.483352600098
0.484978927612
0.48616847229
0.4868125
0.487416320801
0.484567626953
0.484902572632
0.48489654541
0.484698638916
0.483059936523
0.483183456421
0.484329727173
0.484934326172
0.485441070557
0.486025909424
0.485933807373
0.486007583618
0.486090560913
0.485826278687
0.485493515015
0.454277526855
0.454703613281
0.454806304932
0.454774307251
0.454458908081
0.454726089478
0.454815689087
0.454866638184
0.45499836731
0.455229812622
0.455453369141
0.455520675659
0.455516540527
0.455454940796
0.455667068481
0.455602050781
0.455798858643
0.456008026123
0.456092208862
0.455855392456
0.455886413574
0.455410186768
0.455333114624
0.455652328491
0.455823257446
0.455779663086
0.45590524292
0.45583253479
0.455835678101
0.456031677246
0.455933563232
0.45591293335
0.45590788269
0.456172317505
0.456187438965
0.456310195923
0.456348007202
0.456369659424
0.456348129272
0.456612762451
0.456405960083
0.456502655029
0.456772949219
0.456776489258
0.457010437012
0.454661773682
0.455476913452
0.455805343628
0.456291671753
0.456180923462
0.456477279663
0.456785217285
0.456972351074
0.457193710327
0.457318237305
0.457477828979
0.457285247803
0.457500701904
0.457401947021
0.457820281982
0.457568222046
0.457566268921
0.457588973999
0.457688583374
0.457586807251
0.457828643799
0.457917602539
0.458173721313
0.458364212036
0.458742736816
0.458618438721
0.458975891113
0.458955215454
0.459034347534
0.459082229614
0.45916569519
0.459357727051
0.459416564941
0.45953515625
0.459203704834
0.458966018677
0.458945724487
0.458354278564
0.457918273926
0.457359741211
0.456667251587
0.455775054932
0.455340698242
0.453583862305
0.452976791382
0.474017211914
0.473533981323
0.47361428833
0.474056793213
0.473662490845
0.474119369507
0.474759735107
0.474975448608
0.475515457153
0.475770965576
0.476090911865
0.476304031372
0.476493835449
0.47676663208
0.476939971924
0.475373764038
0.476040725708
0.476582504272
0.477197509766
0.477171035767
0.477369445801
0.477751281738
0.477867904663
0.478208328247
0.478212036133
0.478696792603
0.479083129883
0.479368133545
0.479365509033
0.479950241089
0.480100784302
0.480249099731
0.480303695679
0.480412033081
0.480516845703
0.48078125
0.480992263794
0.481134353638
0.481146057129
0.481564727783
0.481414474487
0.481453079224
0.481762786865
0.481283874512
0.481703353882
0.481954315186
0.481649902344
0.481985290527
0.4823775177
0.482221862793
0.482331604004
0.482609954834
0.482590713501
0.482909805298
0.482924057007
0.482956161499
0.48278225708
0.483028869629
0.482852615356
0.482804855347
0.482893783569
0.48267980957
0.483049118042
0.483109573364
0.482550369263
0.48284992981
0.482692489624
0.482814926147
0.482874679565
0.482752990723
0.482633239746
0.482473709106
0.482403930664
0.482237045288
0.482261535645
0.480888427734
0.481292327881
0.481430374146
0.481465515137
0.481123794556
0.481092605591
0.480851898193
0.480824447632
0.480788223267
0.480909194946
0.481087478638
0.481527832031
0.481109848022
0.480922271729
0.481443222046
0.481693603516
0.481919692993
0.482089202881
0.482525741577
0.482607681274
0.483225479126
0.483362869263
0.483594985962
0.484377197266
0.484944274902
0.484994018555
0.485467163086
0.485992675781
0.485857421875
0.48664352417
0.486678985596
0.486868667603
0.487203216553
0.487382797241
0.487267272949
0.487581161499
0.487627548218
0.487720108032
0.487790542603
0.487899414062
0.487888656616
0.487407745361
0.488024749756
0.487504119873
0.487891021729
0.487634735107
0.487268722534
0.487159667969
0.486969100952
0.485622314453
0.485751419067
0.485199752808
0.484277572632
0.48398500061
0.483554718018
0.483159225464
0.483309432983
0.483203338623
0.482491714478
0.482160263062
0.480978683472
0.480034103394
0.480062698364
0.479982055664
0.479192810059
0.479247589111
0.479206848145
0.478351959229
0.478344802856
0.478656555176
0.478176818848
0.478073532104
0.478101638794
0.477779312134
0.477817077637
0.47787802124
0.477626098633
0.477433502197
0.477559432983
0.477564346313
0.477804718018
0.478015029907
0.478040176392
0.478203552246
0.478414779663
0.478528366089
0.478678283691
0.478510406494
0.478469802856
0.478450469971
0.478749954224
0.479005111694
0.479139358521
0.479183914185
0.478909484863
0.479080429077
0.479090301514
0.479221817017
0.479543914795
0.479546615601
0.479363494873
0.479673934937
0.479950439453
0.47989213562
0.480028625488
0.480016220093
0.479983200073
0.480267974854
0.480460952759
0.480372177124
0.480439086914
0.480198974609
0.480168945313
0.480215057373
0.480326431274
0.479930480957
0.479908172607
0.480204406738
0.479770462036
0.479734466553
0.478798370361
0.478802337646
0.478991165161
0.479173156738
0.478941177368
0.478789093018
0.47902494812
0.478931930542
0.479085754395
0.479075378418
0.479134063721
0.479624771118
0.479568023682
0.479415466309
0.479759841919
0.479513946533
0.479530014038
0.479325744629
0.479211929321
0.479279891968
0.479473052979
0.479533599854
0.479053482056
0.479337585449
0.479695724487
0.479819274902
0.480204315186
0.480177230835
0.48003213501
0.480440093994
0.48006602478
0.479964569092
0.48012612915
0.479983520508
0.479812088013
0.480237884521
0.480170928955
0.480070266724
0.480114227295
0.480325531006
0.480329544067
0.48049230957
0.480867660522
0.480907180786
0.48069229126
0.480364959717
0.479970565796
0.479821777344
0.479607666016
0.479429275513
0.479571960449
0.479430877686
0.479290817261
0.479515975952
0.479697662354
0.479496856689
0.479420028687
0.479383209229
0.479161376953
0.479176620483
0.477829559326
0.477705673218
0.477824249268
0.477769821167
0.477536972046
0.477563690186
0.477366668701
0.477459213257
0.477482711792
0.477547119141
0.47728125
0.477440658569
0.477742782593
0.477690292358
0.477899856567
0.4775987854
0.477485015869
0.47765322876
0.478114944458
0.478089508057
0.478354064941
0.478360397339
0.478112213135
0.477999038696
0.477829177856
0.477408981323
0.47734487915
0.47678225708
0.476310241699
0.476299789429
0.476041091919
0.47460484314
0.472468826294
0.469078567505
0.464551147461
0.461112213135
0.458111297607
0.453551361084
0.450900192261
0.451673110962
0.452346893311
0.454907211304
0.45727772522
0.458192733765
0.457040634155
0.455718002319
0.452654464722
0.443538314819
0.439522216797
0.439080062866
0.439600265503
0.441423980713
0.44246673584
0.447504043579
0.451330596924
0.456683380127
0.488637741089
0.486467193604
0.48967829895
0.49442515564
0.497301528931
0.499237976074
0.501412414551
0.502774215698
0.503452911377
0.504775878906
0.505779403687
0.506078079224
0.506832962036
0.507237762451
0.507587692261
0.508514083862
0.508998352051
0.508894287109
0.50971812439
0.509458740234
0.509733306885
0.509490768433
0.509742599487
0.509456893921
0.509933425903
0.509887191772
0.510012054443
0.510192153931
0.510187988281
0.510029296875
0.510102737427
0.510344818115
0.510026611328
0.510482208252
0.511207977295
0.511286819458
0.512013198853
0.512551803589
0.512773788452
0.513661300659
0.514301971436
0.514348358154
0.515587356567
0.515872879028
0.515764923096
0.516769973755
0.51705921936
0.516701263428
0.517011184692
0.516735488892
0.516263061523
0.516575714111
0.516624237061
0.516412353516
0.516329147339
0.516357437134
0.51607321167
0.516120223999
0.516181991577
0.515830200195
0.515767822266
0.515006988525
0.515047439575
0.515296142578
0.515053039551
0.514788101196
0.515002548218
0.515158248901
0.514579925537
0.514903213501
0.515165649414
0.514604980469
0.514938766479
0.515034561157
0.51443409729
0.514512649536
0.514601303101
0.514312042236
0.514323348999
0.513972091675
0.514088195801
0.51419732666
0.514097793579
0.514055389404
0.514223068237
0.514195022583
0.513928390503
0.513971740723
0.513904602051
0.513898269653
0.513906143188
0.513914520264
0.513946014404
0.513912506104
0.513753936768
0.513790710449
0.514040756226
0.513901931763
0.513734222412
0.513787612915
0.513822845459
0.513702651978
0.51366973877
0.5138777771
0.513720291138
0.51366355896
0.513921401978
0.51363470459
0.513885559082
0.513718521118
0.51360269165
0.513784973145
0.513793884277
0.513411529541
0.513485626221
0.513668441772
0.513617202759
0.513917785645
0.513983200073
0.513810745239
0.513838287354
0.513402511597
0.513527557373
0.513780990601
0.513861221313
0.513825515747
0.513797149658
0.513600509644
0.513413223267
0.513375061035
0.513541244507
0.513226150513
0.513286026001
0.513352584839
0.513070968628
0.513150894165
0.513225616455
0.512986022949
0.513104492187
0.512523468018
0.512433517456
0.512134277344
0.51232119751
0.511949066162
0.512069076538
0.512200332642
0.512023788452
0.512294204712
0.512274002075
0.51199156189
0.512124740601
0.512073760986
0.511578018188
0.511727279663
0.511340484619
0.511232727051
0.511119827271
0.511378997803
0.510586837769
0.51064125061
0.510698226929
0.510542892456
0.510810897827
0.510953979492
0.510522476196
0.510490585327
0.510631057739
0.510203048706
0.510191268921
0.510379608154
0.510057281494
0.510337097168
0.510283752441
0.509891723633
0.510134658813
0.510104492188
0.509799606323
0.509697967529
0.509857376099
0.509702529907
0.509961929321
0.509385772705
0.50951171875
0.50965838623
0.510048416138
0.509996932983
0.510134155273
0.510280334473
0.510155197144
0.510279602051
0.509983840942
0.509881393433
0.510259536743
0.51009513855
0.510066680908
0.510139312744
0.510214584351
0.510247528076
0.510382507324
0.510230163574
0.510391021729
0.510384628296
0.510592437744
0.510730422974
0.511139373779
0.51127394104
0.511316238403
0.511600753784
0.511483718872
0.511646560669
0.511864318848
0.511937957764
0.511601150513
0.512026382446
0.512047668457
0.512178863525
0.512776779175
0.5130415802
0.513165267944
0.513127853394
0.512891174316
0.51262286377
0.512611190796
0.512598724365
0.512513381958
0.512978652954
0.513205505371
0.513561080933
0.513891662598
0.514050170898
0.513818405151
0.513927658081
0.51443572998
0.514376174927
0.514610687256
0.514873397827
0.515300201416
0.515489822388
0.515649703979
0.515830108643
0.516029632568
0.515703811646
0.51581401062
0.515955871582
0.516345062256
0.516071395874
0.516014968872
0.516128845215
0.51578678894
0.516139160156
0.516224121094
0.516346420288
0.516443084717
0.516515625
0.516319976807
0.516750671387
