0.518229166667
0.506510416667
0.501302083333
0.497395833333
0.493489583333
0.494791666667
0.501302083333
0.49609375
0.502604166667
0.5078125
0.510416666667
0.505208333333
0.485677083333
0.473958333333
0.463541666667
0.4296875
0.427083333333
0.411458333333
0.358072916667
0.423177083333
0.518229166667
0.510416666667
0.537760416667
0.53515625
0.526041666667
0.53125
0.540364583333
0.49609375
0.483072916667
0.4921875
0.4453125
0.420572916667
0.404947916667
0.39453125
0.380208333333
0.359375
0.358072916667
0.34765625
0.321614583333
0.32421875
0.307291666667
0.302083333333
0.315104166667
0.3203125
0.3203125
0.326822916667
0.3359375
0.33984375
0.345052083333
0.34765625
0.342447916667
0.345052083333
0.34765625
0.346354166667
0.346354166667
0.35546875
0.360677083333
0.360677083333
0.368489583333
0.36328125
0.3671875
0.369791666667
0.372395833333
0.372395833333
0.375
0.37890625
0.384114583333
0.384114583333
0.388020833333
0.395833333333
0.389322916667
0.381510416667
0.384114583333
0.376302083333
0.391927083333
0.385416666667
0.391927083333
0.397135416667
0.3828125
0.38671875
0.399739583333
0.403645833333
0.3984375
0.419270833333
0.3984375
0.388020833333
0.411458333333
0.412760416667
0.4140625
0.420572916667
0.432291666667
0.419270833333
0.423177083333
0.424479166667
0.463541666667
0.46484375
0.4609375
0.46875
0.467447916667
0.470052083333
0.46875
0.470052083333
0.475260416667
0.483072916667
0.485677083333
0.486979166667
0.489583333333
0.484375
0.485677083333
0.485677083333
0.489583333333
0.486979166667
0.498697916667
0.506510416667
0.509114583333
0.502604166667
0.502604166667
0.5078125
0.509114583333
0.518229166667
0.514322916667
0.516927083333
0.514322916667
0.518229166667
0.522135416667
0.522135416667
0.522135416667
0.532552083333
0.529947916667
0.532552083333
0.536458333333
0.536458333333
0.5390625
0.546875
0.546875
0.545572916667
0.546875
0.54296875
0.552083333333
0.54296875
0.545572916667
0.545572916667
0.544270833333
0.53515625
0.53125
0.532552083333
0.533854166667
0.53515625
0.540364583333
0.546875
0.546875
0.548177083333
0.549479166667
0.55078125
0.549479166667
0.553385416667
0.54296875
0.557291666667
0.553385416667
0.553385416667
0.563802083333
0.567708333333
0.567708333333
0.575520833333
0.567708333333
0.565104166667
0.563802083333
0.5625
0.563802083333
0.565104166667
0.567708333333
0.567708333333
0.5703125
0.569010416667
0.572916666667
0.641927083333
0.640625
0.647135416667
0.579427083333
0.651041666667
0.67578125
0.67578125
0.6796875
0.666666666667
0.669270833333
0.677083333333
0.671875
0.674479166667
0.645833333333
0.6484375
0.643229166667
0.64453125
0.643229166667
0.657552083333
0.662760416667
0.66015625
0.67578125
0.674479166667
0.673177083333
0.6640625
0.665364583333
0.65625
0.647135416667
0.65234375
0.653645833333
0.649739583333
0.657552083333
0.66796875
0.66015625
0.670572916667
0.674479166667
0.670572916667
0.669270833333
0.66796875
0.6640625
0.66796875
0.68359375
0.690104166667
0.694010416667
0.692708333333
0.694010416667
0.692708333333
0.6953125
0.694010416667
0.6953125
0.69140625
0.69140625
0.686197916667
0.68359375
0.68359375
0.680989583333
0.682291666667
0.677083333333
0.67578125
0.677083333333
0.665364583333
0.666666666667
0.670572916667
0.66796875
0.66796875
0.665364583333
0.6640625
0.66796875
0.66796875
0.673177083333
0.671875
0.669270833333
0.665364583333
0.666666666667
0.662760416667
0.662760416667
0.6640625
0.665364583333
0.665364583333
0.661458333333
0.6640625
0.66015625
0.649739583333
0.653645833333
0.653645833333
0.643229166667
0.640625
0.643229166667
0.651041666667
0.649739583333
0.651041666667
0.651041666667
0.647135416667
0.649739583333
0.651041666667
0.653645833333
0.6484375
0.649739583333
0.65234375
0.654947916667
0.651041666667
0.653645833333
0.653645833333
0.65625
0.653645833333
0.65234375
0.654947916667
0.65625
0.65234375
0.653645833333
0.653645833333
0.651041666667
0.645833333333
0.65234375
0.639322916667
0.640625
0.638020833333
0.640625
0.641927083333
0.643229166667
0.635416666667
0.63671875
0.634114583333
0.62890625
0.631510416667
0.630208333333
0.62890625
0.627604166667
0.630208333333
0.623697916667
0.622395833333
0.62109375
0.618489583333
0.619791666667
0.618489583333
0.619791666667
0.615885416667
0.614583333333
0.61328125
0.6171875
0.6171875
0.618489583333
0.618489583333
0.6171875
0.6171875
0.614583333333
0.619791666667
0.6171875
0.6171875
0.618489583333
0.615885416667
0.614583333333
0.618489583333
0.61328125
0.611979166667
0.611979166667
0.6171875
0.611979166667
0.611979166667
0.61328125
0.610677083333
0.611979166667
0.606770833333
0.608072916667
0.604166666667
0.602864583333
0.6015625
0.602864583333
0.6015625
0.596354166667
0.595052083333
0.595052083333
0.592447916667
0.588541666667
0.587239583333
0.58984375
0.5859375
0.584635416667
0.580729166667
0.58203125
0.580729166667
0.580729166667
0.579427083333
0.579427083333
0.579427083333
0.5859375
0.58203125
0.579427083333
0.584635416667
0.584635416667
0.579427083333
0.5859375
0.58203125
0.580729166667
0.580729166667
0.579427083333
0.578125
0.578125
0.576822916667
0.569010416667
0.571614583333
0.569010416667
0.571614583333
0.563802083333
0.561197916667
0.5625
0.5625
0.5625
0.563802083333
0.5625
0.55859375
0.565104166667
0.557291666667
0.55859375
0.557291666667
0.5546875
0.553385416667
0.552083333333
0.545572916667
0.544270833333
0.545572916667
0.546875
0.549479166667
0.5390625
0.541666666667
0.540364583333
0.53515625
0.53515625
0.533854166667
0.536458333333
0.53515625
0.53515625
0.529947916667
0.529947916667
0.52734375
0.533854166667
0.52734375
0.52734375
0.52734375
0.524739583333
0.524739583333
0.52734375
0.522135416667
0.522135416667
0.524739583333
0.52734375
0.52734375
0.53125
0.532552083333
0.53125
0.52734375
0.528645833333
0.52734375
0.529947916667
0.529947916667
0.529947916667
0.52734375
0.5234375
0.522135416667
0.520833333333
0.520833333333
0.520833333333
0.5234375
0.522135416667
0.522135416667
0.515625
0.515625
0.520833333333
0.51953125
0.518229166667
0.515625
0.515625
0.518229166667
0.518229166667
0.518229166667
0.518229166667
0.518229166667
0.516927083333
0.513020833333
0.513020833333
0.514322916667
0.509114583333
0.510416666667
0.5078125
0.506510416667
0.506510416667
0.5078125
0.509114583333
0.510416666667
0.51171875
0.501302083333
0.502604166667
0.506510416667
0.5
0.505208333333
0.502604166667
0.502604166667
0.501302083333
0.506510416667
0.506510416667
0.5078125
0.505208333333
0.506510416667
0.5
0.497395833333
0.51171875
0.5078125
0.5078125
0.501302083333
0.501302083333
0.5
0.5
0.505208333333
0.51171875
0.498697916667
0.498697916667
0.494791666667
0.5078125
0.5078125
0.506510416667
0.483072916667
0.50390625
0.485677083333
0.490885416667
0.48828125
0.481770833333
0.493489583333
0.498697916667
0.4921875
0.494791666667
0.494791666667
0.483072916667
0.483072916667
0.483072916667
0.485677083333
0.484375
0.484375
0.483072916667
0.483072916667
0.489583333333
0.486979166667
0.48828125
0.490885416667
0.485677083333
0.48046875
0.479166666667
0.477864583333
0.4765625
0.4765625
0.483072916667
0.483072916667
0.483072916667
0.48046875
0.477864583333
0.477864583333
0.48046875
0.48046875
0.483072916667
0.48046875
0.48046875
0.481770833333
0.470052083333
0.479166666667
0.483072916667
0.483072916667
0.479166666667
0.484375
0.485677083333
0.485677083333
0.483072916667
0.485677083333
0.483072916667
0.483072916667
0.483072916667
0.473958333333
0.473958333333
0.47265625
0.475260416667
0.475260416667
0.471354166667
0.470052083333
0.470052083333
0.471354166667
0.471354166667
0.471354166667
0.471354166667
0.470052083333
0.466145833333
0.467447916667
0.467447916667
0.467447916667
0.46875
0.467447916667
0.46875
0.471354166667
0.471354166667
0.471354166667
0.471354166667
0.470052083333
0.471354166667
0.473958333333
0.471354166667
0.466145833333
0.46875
0.46875
0.46875
0.46875
0.463541666667
0.463541666667
0.462239583333
0.459635416667
0.459635416667
0.462239583333
0.466145833333
0.46484375
0.463541666667
0.459635416667
0.463541666667
0.458333333333
0.462239583333
0.4609375
0.4609375
0.458333333333
0.459635416667
0.454427083333
0.459635416667
0.458333333333
0.459635416667
0.459635416667
0.4609375
0.458333333333
0.455729166667
0.453125
0.458333333333
0.458333333333
0.459635416667
0.459635416667
0.454427083333
0.451822916667
0.455729166667
0.4453125
0.447916666667
0.454427083333
0.4453125
0.4453125
0.4453125
0.451822916667
0.4453125
0.446614583333
0.442708333333
0.444010416667
0.444010416667
0.444010416667
0.4453125
0.444010416667
0.4453125
0.444010416667
0.446614583333
0.447916666667
0.44140625
0.44140625
0.44140625
0.436197916667
0.440104166667
0.438802083333
0.438802083333
0.4375
0.4453125
0.4453125
0.436197916667
0.450520833333
0.450520833333
0.454427083333
0.453125
0.450520833333
0.44921875
0.44921875
0.446614583333
0.450520833333
0.438802083333
0.438802083333
0.438802083333
0.436197916667
0.436197916667
0.436197916667
0.44140625
0.451822916667
0.451822916667
0.451822916667
0.444010416667
0.444010416667
0.444010416667
0.4453125
0.4453125
0.442708333333
0.444010416667
0.444010416667
0.44140625
0.444010416667
0.442708333333
0.444010416667
0.446614583333
0.444010416667
0.447916666667
0.442708333333
0.442708333333
0.44140625
0.442708333333
0.444010416667
0.447916666667
0.446614583333
0.4453125
0.4453125
0.4453125
0.4453125
0.44140625
0.444010416667
0.446614583333
0.446614583333
0.44140625
0.450520833333
0.451822916667
0.442708333333
0.44921875
0.4453125
0.446614583333
0.44140625
0.440104166667
0.438802083333
0.438802083333
0.440104166667
0.436197916667
0.442708333333
0.438802083333
0.4375
0.436197916667
0.436197916667
0.434895833333
0.440104166667
0.442708333333
0.44140625
0.440104166667
0.44140625
0.4453125
0.4453125
0.447916666667
0.44921875
0.44140625
0.442708333333
0.440104166667
0.4375
0.436197916667
0.43359375
0.43359375
0.43359375
0.43359375
0.430989583333
0.438802083333
0.440104166667
0.44140625
0.4375
0.4375
0.436197916667
0.4375
0.436197916667
0.43359375
0.43359375
0.430989583333
0.434895833333
0.428385416667
0.430989583333
0.43359375
0.44140625
0.4453125
0.46875
0.479166666667
0.47265625
0.48046875
0.459635416667
0.458333333333
0.489583333333
0.479166666667
0.481770833333
0.49609375
0.51953125
0.483072916667
0.47265625
0.505208333333
0.51171875
0.497395833333
0.501302083333
0.509114583333
0.524739583333
0.52734375
0.532552083333
0.536458333333
0.52734375
0.537760416667
0.533854166667
0.537760416667
0.54296875
0.532552083333
0.53515625
0.537760416667
0.540364583333
0.54296875
0.54296875
0.544270833333
0.5546875
0.555989583333
0.557291666667
0.549479166667
0.55078125
0.553385416667
0.553385416667
0.553385416667
0.553385416667
0.546875
0.548177083333
0.548177083333
0.545572916667
0.545572916667
0.545572916667
0.544270833333
0.544270833333
0.544270833333
0.541666666667
0.54296875
0.54296875
0.54296875
0.540364583333
0.537760416667
0.537760416667
0.536458333333
0.533854166667
0.53515625
0.53125
0.53515625
0.53515625
0.536458333333
0.53515625
0.532552083333
0.5390625
0.537760416667
0.537760416667
0.537760416667
0.53515625
0.536458333333
0.533854166667
0.53125
0.528645833333
0.528645833333
0.529947916667
0.53515625
0.532552083333
0.53515625
0.532552083333
0.53125
0.53125
0.53125
0.516927083333
0.532552083333
0.537760416667
0.537760416667
0.528645833333
0.520833333333
0.524739583333
0.5234375
0.520833333333
0.520833333333
0.510416666667
0.505208333333
0.509114583333
0.505208333333
0.502604166667
0.501302083333
0.5
0.497395833333
0.493489583333
0.494791666667
0.484375
0.483072916667
0.481770833333
0.475260416667
0.466145833333
0.4609375
0.467447916667
0.466145833333
0.462239583333
0.462239583333
0.467447916667
0.466145833333
0.46875
0.463541666667
0.463541666667
0.459635416667
0.4609375
0.4609375
0.4609375
0.466145833333
0.46484375
0.466145833333
0.470052083333
0.47265625
0.47265625
0.471354166667
0.473958333333
0.47265625
0.473958333333
0.473958333333
0.4765625
0.4765625
0.473958333333
0.475260416667
0.471354166667
0.471354166667
0.467447916667
0.46875
0.466145833333
0.46875
0.467447916667
0.467447916667
0.467447916667
0.462239583333
0.462239583333
0.458333333333
0.463541666667
0.462239583333
0.4609375
0.467447916667
0.46875
0.470052083333
0.467447916667
0.47265625
0.471354166667
0.471354166667
0.47265625
0.470052083333
0.467447916667
0.470052083333
0.467447916667
0.467447916667
0.46875
0.46875
0.46875
0.46875
0.46875
0.470052083333
0.46875
0.47265625
0.47265625
0.47265625
0.473958333333
0.470052083333
0.470052083333
0.471354166667
0.473958333333
0.47265625
0.471354166667
0.479166666667
0.47265625
0.47265625
0.47265625
0.47265625
0.473958333333
0.477864583333
0.477864583333
0.475260416667
0.475260416667
0.473958333333
0.475260416667
0.48046875
0.4765625
0.4765625
0.4765625
0.475260416667
0.48046875
0.48046875
0.483072916667
0.48046875
0.477864583333
0.477864583333
0.479166666667
0.48046875
0.473958333333
0.47265625
0.475260416667
0.459635416667
0.463541666667
0.459635416667
0.462239583333
0.4609375
0.462239583333
0.455729166667
0.459635416667
0.4609375
0.45703125
0.455729166667
0.45703125
0.45703125
0.45703125
0.458333333333
0.4609375
0.462239583333
0.46484375
0.462239583333
0.4609375
0.463541666667
0.459635416667
0.463541666667
0.463541666667
0.463541666667
0.46484375
0.46875
0.47265625
0.467447916667
0.46875
0.475260416667
0.4765625
0.475260416667
0.4765625
0.471354166667
0.477864583333
0.48046875
0.475260416667
0.484375
0.48046875
0.477864583333
0.48046875
0.4765625
0.475260416667
0.4765625
0.46484375
0.473958333333
0.475260416667
0.475260416667
0.477864583333
0.4765625
0.4765625
0.4765625
0.479166666667
0.48046875
0.481770833333
0.481770833333
0.485677083333
0.483072916667
0.484375
0.486979166667
0.486979166667
0.486979166667
0.48828125
0.486979166667
0.486979166667
0.486979166667
0.485677083333
0.483072916667
0.481770833333
0.483072916667
0.484375
0.483072916667
0.483072916667
0.484375
0.485677083333
0.48046875
0.48046875
0.481770833333
0.481770833333
0.483072916667
0.485677083333
0.489583333333
0.489583333333
0.48828125
0.481770833333
0.484375
0.477864583333
0.47265625
0.473958333333
0.479166666667
0.477864583333
0.473958333333
0.483072916667
0.483072916667
0.477864583333
0.483072916667
0.481770833333
0.481770833333
0.48828125
0.490885416667
0.489583333333
0.484375
0.484375
0.48828125
0.485677083333
0.48828125
0.48828125
0.48828125
0.485677083333
0.481770833333
0.48046875
0.481770833333
0.4765625
0.484375
0.483072916667
0.484375
0.484375
0.477864583333
0.475260416667
0.477864583333
0.484375
0.486979166667
0.485677083333
0.4765625
0.484375
0.48046875
0.484375
0.484375
0.481770833333
0.484375
0.481770833333
0.486979166667
0.486979166667
0.48828125
0.483072916667
0.481770833333
0.481770833333
0.485677083333
0.477864583333
0.477864583333
0.484375
0.489583333333
0.489583333333
0.486979166667
0.489583333333
0.4921875
0.483072916667
0.462239583333
0.463541666667
0.46484375
0.46484375
0.462239583333
0.462239583333
0.46484375
0.47265625
0.467447916667
0.46484375
0.46875
0.463541666667
0.479166666667
0.486979166667
0.490885416667
0.440104166667
0.4453125
0.442708333333
0.444010416667
0.444010416667
0.455729166667
0.455729166667
0.4609375
0.4609375
0.453125
0.440104166667
0.44921875
0.446614583333
0.44921875
0.44921875
0.447916666667
0.447916666667
0.450520833333
0.454427083333
0.455729166667
0.458333333333
0.455729166667
0.453125
0.454427083333
0.455729166667
0.455729166667
0.450520833333
0.44921875
0.4453125
0.442708333333
0.442708333333
0.44140625
0.444010416667
0.4453125
0.447916666667
0.4453125
0.44921875
0.453125
0.450520833333
0.451822916667
0.451822916667
0.454427083333
0.451822916667
0.451822916667
0.453125
0.454427083333
0.453125
0.454427083333
0.462239583333
0.4609375
0.462239583333
0.462239583333
0.46484375
0.466145833333
0.46484375
0.470052083333
0.466145833333
0.46484375
0.467447916667
0.470052083333
0.475260416667
0.48046875
0.481770833333
0.475260416667
0.4765625
0.475260416667
0.475260416667
0.473958333333
0.473958333333
0.47265625
0.47265625
0.473958333333
0.4765625
0.4765625
0.47265625
0.481770833333
0.471354166667
0.46875
0.471354166667
0.46875
0.475260416667
0.475260416667
0.46484375
0.466145833333
0.46484375
0.466145833333
0.459635416667
0.46875
0.467447916667
0.471354166667
0.4765625
0.4765625
0.4765625
0.483072916667
0.481770833333
0.47265625
0.483072916667
0.48828125
0.483072916667
0.483072916667
0.485677083333
0.48046875
0.484375
0.483072916667
0.484375
0.481770833333
0.475260416667
0.475260416667
0.477864583333
0.484375
0.481770833333
0.48046875
0.473958333333
0.475260416667
0.479166666667
0.479166666667
0.48828125
0.489583333333
0.486979166667
0.48828125
0.48828125
0.493489583333
0.493489583333
0.489583333333
0.493489583333
0.493489583333
0.490885416667
0.498697916667
0.5
0.498697916667
0.494791666667
0.494791666667
0.490885416667
0.486979166667
0.484375
0.490885416667
0.498697916667
0.481770833333
0.481770833333
0.486979166667
0.497395833333
0.49609375
0.498697916667
0.50390625
0.5
0.497395833333
0.497395833333
0.5
0.498697916667
0.497395833333
0.5
0.5
0.5
0.501302083333
0.509114583333
0.505208333333
0.509114583333
0.51171875
0.509114583333
0.5078125
0.506510416667
0.505208333333
0.510416666667
0.51171875
0.513020833333
0.51171875
0.510416666667
0.518229166667
0.518229166667
0.515625
0.51171875
0.510416666667
0.513020833333
0.51171875
0.515625
0.51171875
0.51171875
0.513020833333
0.514322916667
0.51953125
0.5234375
0.5234375
0.51953125
0.522135416667
0.516927083333
0.51953125
0.51953125
0.526041666667
0.522135416667
0.515625
0.518229166667
0.515625
0.514322916667
0.513020833333
0.513020833333
0.502604166667
0.51171875
0.51171875
0.51171875
0.510416666667
0.513020833333
0.513020833333
0.513020833333
0.510416666667
0.516927083333
0.509114583333
0.509114583333
0.506510416667
0.506510416667
0.505208333333
0.505208333333
0.506510416667
0.505208333333
0.509114583333
0.51171875
0.51171875
0.51171875
0.516927083333
0.51171875
0.51171875
0.510416666667
0.518229166667
0.520833333333
0.51953125
0.51953125
0.51953125
0.529947916667
0.526041666667
0.520833333333
0.520833333333
0.5234375
0.5234375
0.518229166667
0.524739583333
0.516927083333
0.516927083333
0.52734375
0.52734375
0.52734375
0.524739583333
0.526041666667
0.529947916667
0.528645833333
0.52734375
0.529947916667
0.529947916667
0.53125
0.532552083333
0.532552083333
0.532552083333
0.532552083333
0.533854166667
0.533854166667
0.533854166667
0.533854166667
0.53125
0.532552083333
0.529947916667
0.532552083333
0.533854166667
0.53515625
0.533854166667
0.533854166667
0.53125
0.528645833333
0.532552083333
0.532552083333
0.532552083333
0.529947916667
0.53125
0.529947916667
0.53125
0.53125
0.528645833333
0.53125
0.529947916667
0.529947916667
0.53125
0.524739583333
0.520833333333
0.52734375
0.524739583333
0.524739583333
0.524739583333
0.528645833333
0.53515625
0.526041666667
0.518229166667
0.5234375
0.5234375
0.5234375
0.533854166667
0.5234375
0.5234375
0.51953125
0.524739583333
0.526041666667
0.529947916667
0.53125
0.529947916667
0.537760416667
0.529947916667
0.537760416667
0.537760416667
0.529947916667
0.532552083333
0.5390625
0.53515625
0.536458333333
0.53515625
0.53125
0.53125
0.532552083333
0.532552083333
0.537760416667
0.532552083333
0.532552083333
0.53515625
0.533854166667
0.533854166667
0.540364583333
0.533854166667
0.5390625
0.536458333333
0.5390625
0.532552083333
0.537760416667
0.533854166667
0.540364583333
0.5390625
0.5390625
0.533854166667
0.53125
0.532552083333
0.537760416667
0.5390625
0.5390625
0.53515625
0.537760416667
0.537760416667
0.53515625
0.532552083333
0.53515625
0.5390625
0.537760416667
0.537760416667
0.53515625
0.533854166667
0.536458333333
0.540364583333
0.536458333333
0.53515625
0.533854166667
0.537760416667
0.537760416667
0.536458333333
0.5390625
0.540364583333
0.546875
0.544270833333
0.54296875
0.540364583333
0.541666666667
0.544270833333
0.536458333333
0.540364583333
0.53515625
0.53125
0.53125
0.53515625
0.533854166667
0.528645833333
0.54296875
0.540364583333
0.540364583333
0.537760416667
0.5390625
0.5390625
0.5390625
0.540364583333
0.5390625
0.541666666667
0.54296875
0.5390625
0.540364583333
0.54296875
0.541666666667
0.546875
0.552083333333
0.54296875
0.55078125
0.545572916667
0.552083333333
0.545572916667
0.545572916667
0.54296875
0.54296875
0.544270833333
0.546875
0.545572916667
0.54296875
0.544270833333
0.545572916667
0.548177083333
0.54296875
0.541666666667
0.549479166667
0.545572916667
0.54296875
0.548177083333
0.544270833333
0.55078125
0.541666666667
0.55078125
0.5546875
0.549479166667
0.54296875
0.546875
0.540364583333
0.541666666667
0.541666666667
0.54296875
0.544270833333
0.5390625
0.5390625
0.5390625
0.544270833333
0.548177083333
0.54296875
0.540364583333
0.5390625
0.53125
0.532552083333
0.533854166667
0.532552083333
0.532552083333
0.533854166667
0.529947916667
0.529947916667
0.532552083333
0.532552083333
0.533854166667
0.533854166667
0.53125
0.53125
0.528645833333
0.529947916667
0.528645833333
0.53515625
0.536458333333
0.53125
0.529947916667
0.533854166667
0.53515625
0.533854166667
0.528645833333
0.532552083333
0.533854166667
0.529947916667
0.532552083333
0.53125
0.53125
0.532552083333
0.53125
0.532552083333
0.532552083333
0.532552083333
0.533854166667
0.533854166667
0.53125
0.529947916667
0.529947916667
0.529947916667
0.529947916667
0.53125
0.53515625
0.53125
0.540364583333
0.536458333333
0.540364583333
0.537760416667
0.5390625
0.5390625
0.5390625
0.54296875
0.540364583333
0.540364583333
0.540364583333
0.540364583333
0.541666666667
0.541666666667
0.541666666667
0.541666666667
0.541666666667
0.541666666667
0.540364583333
0.540364583333
0.540364583333
0.536458333333
0.5390625
0.537760416667
0.532552083333
0.533854166667
0.529947916667
0.53515625
0.529947916667
0.532552083333
0.532552083333
0.532552083333
0.532552083333
0.537760416667
0.536458333333
0.541666666667
0.537760416667
0.540364583333
0.53515625
0.53515625
0.53125
0.536458333333
0.533854166667
0.53515625
0.532552083333
0.532552083333
0.53515625
0.53515625
0.536458333333
0.53515625
0.532552083333
0.532552083333
0.53515625
0.532552083333
0.533854166667
0.532552083333
0.533854166667
0.533854166667
0.533854166667
0.532552083333
0.529947916667
0.53515625
0.528645833333
0.53125
0.53125
0.53515625
0.537760416667
0.533854166667
0.533854166667
0.532552083333
0.533854166667
0.53125
0.533854166667
0.532552083333
0.53515625
0.53515625
0.533854166667
0.533854166667
0.533854166667
0.53515625
0.53515625
0.533854166667
0.533854166667
0.533854166667
0.53515625
0.53515625
0.528645833333
0.537760416667
0.536458333333
0.53515625
0.532552083333
0.53125
0.532552083333
0.52734375
0.536458333333
0.533854166667
0.532552083333
0.532552083333
0.53125
0.533854166667
0.53125
0.529947916667
0.529947916667
0.529947916667
0.53125
0.53125
0.53125
0.53125
0.53125
0.524739583333
0.528645833333
0.524739583333
0.524739583333
0.522135416667
0.52734375
0.524739583333
0.526041666667
0.526041666667
0.524739583333
0.524739583333
0.522135416667
0.5234375
0.526041666667
0.526041666667
0.526041666667
0.53125
0.524739583333
0.526041666667
0.528645833333
0.526041666667
0.528645833333
0.53125
0.532552083333
0.533854166667
0.533854166667
0.533854166667
0.53125
0.529947916667
0.533854166667
0.537760416667
0.537760416667
0.533854166667
0.537760416667
0.533854166667
0.53125
0.53125
0.533854166667
0.53125
0.53515625
0.526041666667
0.526041666667
0.528645833333
0.536458333333
0.5390625
0.533854166667
0.53515625
0.53515625
0.53125
0.536458333333
0.5390625
0.53515625
0.540364583333
0.537760416667
0.536458333333
0.540364583333
0.541666666667
0.540364583333
0.54296875
0.545572916667
0.545572916667
0.54296875
0.541666666667
0.544270833333
0.545572916667
0.549479166667
0.549479166667
0.546875
0.55078125
0.546875
0.548177083333
0.544270833333
0.544270833333
0.54296875
0.544270833333
0.544270833333
0.545572916667
0.544270833333
0.549479166667
0.545572916667
0.546875
0.546875
0.546875
0.55078125
0.546875
0.54296875
0.545572916667
0.545572916667
0.549479166667
0.544270833333
0.541666666667
0.541666666667
0.544270833333
0.541666666667
0.541666666667
0.541666666667
0.544270833333
0.54296875
0.54296875
0.544270833333
0.545572916667
0.545572916667
0.544270833333
0.545572916667
0.545572916667
0.549479166667
0.55078125
0.546875
0.546875
0.548177083333
0.545572916667
0.544270833333
0.544270833333
0.545572916667
0.545572916667
0.545572916667
0.546875
0.549479166667
0.546875
0.549479166667
0.544270833333
0.546875
0.546875
0.546875
0.549479166667
0.549479166667
0.545572916667
0.549479166667
0.549479166667
0.55078125
0.55078125
0.552083333333
0.55078125
0.552083333333
0.545572916667
0.544270833333
0.545572916667
0.545572916667
0.549479166667
0.5390625
0.54296875
0.544270833333
0.540364583333
0.540364583333
0.536458333333
0.537760416667
0.537760416667
0.536458333333
0.536458333333
0.532552083333
0.532552083333
0.53125
0.53125
0.53125
0.533854166667
0.532552083333
0.529947916667
0.52734375
0.526041666667
0.526041666667
0.528645833333
0.52734375
0.53125
0.53125
0.528645833333
0.533854166667
0.532552083333
0.53125
0.53125
0.53125
0.53125
0.53125
0.532552083333
0.529947916667
0.528645833333
0.524739583333
0.524739583333
0.524739583333
0.524739583333
0.524739583333
0.526041666667
0.5234375
0.526041666667
0.529947916667
0.528645833333
0.526041666667
0.501302083333
0.5078125
0.513020833333
0.515625
0.515625
0.50390625
0.510416666667
0.509114583333
0.509114583333
0.509114583333
0.506510416667
0.505208333333
0.49609375
0.5
0.49609375
0.494791666667
0.502604166667
0.502604166667
0.501302083333
0.498697916667
0.5
0.501302083333
0.494791666667
0.49609375
0.498697916667
0.490885416667
0.494791666667
0.493489583333
0.477864583333
0.477864583333
0.479166666667
0.49609375
0.481770833333
0.4921875
0.483072916667
0.48046875
0.48046875
0.479166666667
0.4765625
0.479166666667
0.473958333333
0.47265625
0.473958333333
0.473958333333
0.4765625
0.477864583333
0.475260416667
0.4765625
0.473958333333
0.46484375
0.46484375
0.467447916667
0.467447916667
0.467447916667
0.471354166667
0.471354166667
0.4765625
0.470052083333
0.46875
0.463541666667
0.467447916667
0.475260416667
0.475260416667
0.475260416667
0.475260416667
0.473958333333
0.4765625
0.462239583333
0.46875
0.471354166667
0.470052083333
0.46875
0.473958333333
0.471354166667
0.462239583333
0.479166666667
0.463541666667
0.463541666667
0.46484375
0.471354166667
0.46875
0.46484375
0.467447916667
0.459635416667
0.458333333333
0.4609375
0.4609375
0.4609375
0.462239583333
0.45703125
0.453125
0.454427083333
0.451822916667
0.45703125
0.454427083333
0.45703125
0.459635416667
0.459635416667
0.466145833333
0.467447916667
0.466145833333
0.462239583333
0.470052083333
0.462239583333
0.462239583333
0.4609375
0.459635416667
0.4609375
0.4609375
0.462239583333
0.455729166667
0.458333333333
0.45703125
0.458333333333
0.458333333333
0.45703125
0.45703125
0.458333333333
0.45703125
0.45703125
0.45703125
0.455729166667
0.45703125
0.458333333333
0.45703125
0.455729166667
0.45703125
0.455729166667
0.454427083333
0.454427083333
0.455729166667
0.45703125
0.45703125
0.453125
0.45703125
0.458333333333
0.455729166667
0.45703125
0.45703125
0.451822916667
0.447916666667
0.450520833333
0.444010416667
0.432291666667
0.432291666667
0.436197916667
0.4296875
0.42578125
0.428385416667
0.423177083333
0.427083333333
0.424479166667
0.42578125
0.424479166667
0.424479166667
0.43359375
0.43359375
0.4296875
0.428385416667
0.430989583333
0.428385416667
0.421875
0.42578125
0.416666666667
0.415364583333
0.41015625
0.41015625
0.407552083333
0.408854166667
0.407552083333
0.408854166667
0.415364583333
0.408854166667
0.40625
0.41015625
0.404947916667
0.403645833333
0.40625
0.404947916667
0.40625
0.404947916667
0.403645833333
0.403645833333
0.40234375
0.403645833333
0.404947916667
0.399739583333
0.40234375
0.39453125
0.395833333333
0.39453125
0.395833333333
0.397135416667
0.395833333333
0.395833333333
0.39453125
0.399739583333
0.3984375
0.3984375
0.397135416667
0.399739583333
0.3984375
0.3984375
0.393229166667
0.40234375
0.40234375
0.390625
0.388020833333
0.38671875
0.388020833333
0.38671875
0.3828125
0.3828125
0.390625
0.38671875
0.3828125
0.3984375
0.38671875
0.389322916667
0.380208333333
0.377604166667
0.380208333333
0.372395833333
0.3671875
0.3671875
0.364583333333
0.364583333333
0.364583333333
0.364583333333
0.364583333333
0.364583333333
0.365885416667
0.361979166667
0.361979166667
0.361979166667
0.360677083333
0.360677083333
0.360677083333
0.359375
0.360677083333
0.360677083333
0.358072916667
0.360677083333
0.358072916667
0.354166666667
0.350260416667
0.3515625
0.348958333333
0.346354166667
0.34765625
0.345052083333
0.34375
0.345052083333
0.34375
0.341145833333
0.341145833333
0.34375
0.342447916667
0.34375
0.342447916667
0.342447916667
0.34375
0.342447916667
0.342447916667
0.342447916667
0.33984375
0.33984375
0.337239583333
0.333333333333
0.341145833333
0.337239583333
0.338541666667
0.33984375
0.334635416667
0.338541666667
0.333333333333
0.341145833333
0.334635416667
0.333333333333
0.333333333333
0.334635416667
0.333333333333
0.334635416667
0.33203125
0.330729166667
0.330729166667
0.328125
0.326822916667
0.328125
0.328125
0.326822916667
0.329427083333
0.328125
0.328125
0.330729166667
0.330729166667
0.326822916667
0.329427083333
0.328125
0.328125
0.328125
0.328125
0.328125
0.330729166667
0.326822916667
0.328125
0.32421875
0.328125
0.328125
0.328125
0.328125
0.328125
0.328125
0.329427083333
0.328125
0.337239583333
0.3359375
0.326822916667
0.328125
0.326822916667
0.328125
0.329427083333
0.329427083333
0.33203125
0.33203125
0.329427083333
0.33203125
0.333333333333
0.338541666667
0.338541666667
0.33984375
0.33984375
0.341145833333
0.341145833333
0.341145833333
0.337239583333
0.337239583333
0.341145833333
0.338541666667
0.341145833333
0.341145833333
0.33984375
0.33984375
0.33984375
0.33984375
0.337239583333
0.334635416667
0.334635416667
0.338541666667
0.33984375
0.34375
0.342447916667
0.342447916667
0.346354166667
0.348958333333
0.34375
0.341145833333
0.342447916667
0.33984375
0.342447916667
0.341145833333
0.34765625
0.3359375
0.348958333333
0.3359375
0.345052083333
0.33984375
0.33984375
0.341145833333
0.358072916667
0.35546875
0.358072916667
0.354166666667
0.35546875
0.352864583333
0.350260416667
0.350260416667
0.346354166667
0.359375
0.350260416667
0.350260416667
0.350260416667
0.356770833333
0.354166666667
0.356770833333
0.356770833333
0.358072916667
0.358072916667
0.358072916667
0.358072916667
0.359375
0.359375
0.359375
0.359375
0.359375
0.359375
0.358072916667
0.360677083333
0.361979166667
0.360677083333
0.360677083333
0.358072916667
0.352864583333
0.354166666667
0.352864583333
0.354166666667
0.359375
0.356770833333
0.358072916667
0.356770833333
0.358072916667
0.37109375
0.369791666667
0.37109375
0.369791666667
0.37109375
0.3671875
0.364583333333
0.364583333333
0.373697916667
0.37109375
0.373697916667
0.381510416667
0.375
0.375
0.3828125
0.373697916667
0.372395833333
0.36328125
0.369791666667
0.369791666667
0.369791666667
0.37109375
0.364583333333
0.364583333333
0.365885416667
0.360677083333
0.365885416667
0.36328125
0.365885416667
0.37109375
0.37109375
0.3671875
0.368489583333
0.369791666667
0.36328125
0.365885416667
0.364583333333
0.365885416667
0.364583333333
0.364583333333
0.3671875
0.372395833333
0.368489583333
0.368489583333
0.368489583333
0.3671875
0.364583333333
0.3671875
0.364583333333
0.364583333333
0.364583333333
0.365885416667
0.361979166667
0.37109375
0.372395833333
0.373697916667
0.37109375
0.377604166667
0.365885416667
0.377604166667
0.375
0.377604166667
0.376302083333
0.376302083333
0.380208333333
0.377604166667
0.377604166667
0.376302083333
0.373697916667
0.373697916667
0.377604166667
0.377604166667
0.393229166667
0.393229166667
0.39453125
0.393229166667
0.381510416667
0.395833333333
0.40234375
0.399739583333
0.401041666667
0.399739583333
0.390625
0.397135416667
0.401041666667
0.40234375
0.40234375
0.404947916667
0.407552083333
0.403645833333
0.408854166667
0.40625
0.403645833333
0.401041666667
0.403645833333
0.403645833333
0.40234375
0.403645833333
0.404947916667
0.403645833333
0.404947916667
0.40234375
0.40234375
0.40625
0.4140625
0.4140625
0.41015625
0.416666666667
0.4140625
0.415364583333
0.416666666667
0.416666666667
0.415364583333
0.416666666667
0.419270833333
0.41796875
0.416666666667
0.41796875
0.416666666667
0.419270833333
0.42578125
0.4296875
0.423177083333
0.432291666667
0.427083333333
0.424479166667
0.424479166667
0.444010416667
0.4296875
0.421875
0.434895833333
0.427083333333
0.428385416667
0.424479166667
0.427083333333
0.427083333333
0.428385416667
0.4296875
0.438802083333
0.438802083333
0.436197916667
0.434895833333
0.432291666667
0.434895833333
0.436197916667
0.43359375
0.444010416667
0.440104166667
0.438802083333
0.440104166667
0.444010416667
0.434895833333
0.450520833333
0.446614583333
0.446614583333
0.4453125
0.44921875
0.44921875
0.455729166667
0.462239583333
0.4609375
0.463541666667
0.46875
0.47265625
0.470052083333
0.470052083333
0.475260416667
0.475260416667
0.4765625
0.471354166667
0.473958333333
0.475260416667
0.475260416667
0.473958333333
0.475260416667
0.479166666667
0.477864583333
0.47265625
0.47265625
0.475260416667
0.475260416667
0.475260416667
0.477864583333
0.477864583333
0.48046875
0.471354166667
0.470052083333
0.466145833333
0.46875
0.466145833333
0.46484375
0.46875
0.467447916667
0.4765625
0.47265625
0.475260416667
0.4765625
0.471354166667
0.471354166667
0.47265625
0.470052083333
0.471354166667
0.473958333333
0.46875
0.466145833333
0.46875
0.467447916667
0.475260416667
0.46875
0.454427083333
0.447916666667
0.463541666667
0.451822916667
0.454427083333
0.455729166667
0.46484375
0.46484375
0.466145833333
0.473958333333
0.475260416667
0.477864583333
0.473958333333
0.48046875
0.479166666667
0.484375
0.483072916667
0.484375
0.477864583333
0.485677083333
0.483072916667
0.490885416667
0.490885416667
0.494791666667
0.494791666667
0.489583333333
0.490885416667
0.490885416667
0.490885416667
0.49609375
0.497395833333
0.49609375
0.501302083333
0.501302083333
0.5
0.505208333333
0.5078125
0.513020833333
0.513020833333
0.518229166667
0.516927083333
0.515625
0.518229166667
0.520833333333
0.5234375
0.5234375
0.522135416667
0.5234375
0.520833333333
0.522135416667
0.522135416667
0.524739583333
0.5234375
0.5234375
0.528645833333
0.524739583333
0.52734375
0.52734375
0.52734375
0.529947916667
0.526041666667
0.526041666667
0.526041666667
0.52734375
0.52734375
0.524739583333
0.5234375
0.5234375
0.524739583333
0.528645833333
0.524739583333
0.526041666667
0.528645833333
0.524739583333
0.53125
0.53125
0.53515625
0.528645833333
0.5390625
0.5390625
0.53125
0.529947916667
0.541666666667
0.545572916667
0.537760416667
0.536458333333
0.5390625
0.53125
0.53515625
0.528645833333
0.545572916667
0.537760416667
0.537760416667
0.541666666667
0.536458333333
0.54296875
0.54296875
0.541666666667
0.680989583333
0.682291666667
0.686197916667
0.692708333333
0.6953125
0.6953125
0.700520833333
0.700520833333
0.704427083333
0.701822916667
0.703125
0.704427083333
0.708333333333
0.70703125
0.709635416667
0.7109375
0.712239583333
0.709635416667
0.71484375
0.716145833333
0.720052083333
0.716145833333
0.716145833333
0.713541666667
0.713541666667
0.720052083333
0.716145833333
0.721354166667
0.7265625
0.71875
0.717447916667
0.71875
0.717447916667
0.720052083333
0.71875
0.721354166667
0.725260416667
0.72265625
0.7109375
0.712239583333
0.720052083333
0.717447916667
0.717447916667
0.725260416667
0.7265625
0.725260416667
0.73046875
0.7265625
0.73046875
0.725260416667
0.731770833333
0.729166666667
0.720052083333
0.71875
0.71875
0.72265625
0.71875
0.716145833333
0.716145833333
0.70703125
0.727864583333
0.735677083333
0.723958333333
0.7265625
0.727864583333
0.727864583333
0.721354166667
0.721354166667
0.720052083333
0.712239583333
0.713541666667
0.717447916667
0.723958333333
0.72265625
0.721354166667
0.725260416667
0.721354166667
0.764322916667
0.764322916667
0.764322916667
0.763020833333
0.765625
0.770833333333
0.763020833333
0.76171875
0.764322916667
0.763020833333
0.770833333333
0.772135416667
0.772135416667
0.772135416667
0.7578125
0.755208333333
0.759114583333
0.776041666667
0.779947916667
0.774739583333
0.765625
0.766927083333
0.76953125
0.786458333333
0.786458333333
0.7890625
0.787760416667
0.790364583333
0.790364583333
0.798177083333
0.798177083333
0.798177083333
0.798177083333
0.7890625
0.795572916667
0.795572916667
0.805989583333
0.807291666667
0.80859375
0.807291666667
0.79296875
0.796875
0.791666666667
0.790364583333
0.791666666667
0.79296875
0.794270833333
0.79296875
0.80078125
0.796875
0.794270833333
0.791666666667
0.7734375
0.7734375
0.766927083333
0.776041666667
0.774739583333
0.76953125
0.776041666667
0.786458333333
0.782552083333
0.778645833333
0.774739583333
0.772135416667
0.76953125
0.772135416667
0.770833333333
0.768229166667
0.766927083333
0.760416666667
0.75390625
0.747395833333
0.756510416667
0.73828125
0.736979166667
0.72265625
0.731770833333
0.73046875
0.735677083333
0.740885416667
0.734375
0.733072916667
0.717447916667
0.700520833333
0.69921875
0.697916666667
0.701822916667
0.6953125
0.686197916667
0.686197916667
0.680989583333
0.682291666667
0.678385416667
0.674479166667
0.653645833333
0.651041666667
0.638020833333
0.638020833333
0.641927083333
0.63671875
0.63671875
0.634114583333
0.631510416667
0.618489583333
0.61328125
0.611979166667
0.61328125
0.611979166667
0.600260416667
0.592447916667
0.58984375
0.58203125
0.56640625
0.55859375
0.555989583333
0.55859375
0.557291666667
0.563802083333
0.5703125
0.55859375
0.549479166667
0.528645833333
0.529947916667
0.536458333333
0.537760416667
0.533854166667
0.548177083333
0.540364583333
0.540364583333
0.5390625
0.540364583333
0.541666666667
0.53515625
0.53125
0.5234375
0.513020833333
0.51171875
0.514322916667
0.5234375
0.514322916667
0.51171875
0.50390625
0.4921875
0.484375
0.484375
0.485677083333
0.475260416667
0.47265625
0.466145833333
0.463541666667
0.4609375
0.471354166667
0.46875
0.462239583333
0.45703125
0.45703125
0.447916666667
0.446614583333
0.4453125
0.44140625
0.440104166667
0.4375
0.432291666667
0.436197916667
0.434895833333
0.432291666667
0.4296875
0.43359375
0.430989583333
0.434895833333
0.4375
0.430989583333
0.424479166667
0.421875
0.419270833333
0.424479166667
0.421875
0.421875
0.424479166667
0.42578125
0.423177083333
0.419270833333
0.420572916667
0.420572916667
0.423177083333
0.415364583333
0.415364583333
0.416666666667
0.420572916667
0.419270833333
0.41796875
0.41796875
0.420572916667
0.4296875
0.423177083333
0.421875
0.4296875
0.4296875
0.430989583333
0.424479166667
0.411458333333
0.41015625
0.407552083333
0.411458333333
0.416666666667
0.41796875
0.41015625
0.411458333333
0.420572916667
0.415364583333
0.421875
0.416666666667
0.40625
0.41015625
0.41015625
0.41015625
0.41015625
0.408854166667
0.408854166667
0.407552083333
0.403645833333
0.408854166667
0.412760416667
0.438802083333
0.438802083333
0.427083333333
0.423177083333
0.4296875
0.4296875
0.430989583333
0.430989583333
0.436197916667
0.436197916667
0.43359375
0.4375
0.44140625
0.44140625
0.438802083333
0.442708333333
0.446614583333
0.446614583333
0.440104166667
0.434895833333
0.424479166667
0.427083333333
0.424479166667
0.432291666667
0.43359375
0.438802083333
0.434895833333
0.442708333333
0.4375
0.423177083333
0.421875
0.420572916667
0.434895833333
0.428385416667
0.427083333333
0.427083333333
0.424479166667
0.419270833333
0.427083333333
0.424479166667
0.424479166667
0.421875
0.423177083333
0.420572916667
0.4296875
0.4140625
0.416666666667
0.421875
0.411458333333
0.440104166667
0.43359375
0.436197916667
0.432291666667
0.4296875
0.440104166667
0.4296875
0.428385416667
0.423177083333
0.436197916667
0.424479166667
0.4296875
0.436197916667
0.434895833333
0.4375
0.440104166667
0.44140625
0.44140625
0.442708333333
0.444010416667
0.44921875
0.44140625
0.432291666667
0.43359375
0.4375
0.434895833333
0.434895833333
0.436197916667
0.427083333333
0.458333333333
0.459635416667
0.463541666667
0.466145833333
0.466145833333
0.46484375
0.466145833333
0.463541666667
0.459635416667
0.459635416667
0.459635416667
0.471354166667
0.47265625
0.471354166667
0.466145833333
0.463541666667
0.45703125
0.45703125
0.467447916667
0.462239583333
0.455729166667
0.459635416667
0.467447916667
0.466145833333
0.466145833333
0.467447916667
0.466145833333
0.46875
0.46875
0.462239583333
0.46484375
0.463541666667
0.463541666667
0.46484375
0.46484375
0.466145833333
0.467447916667
0.46875
0.46484375
0.46484375
0.466145833333
0.46484375
0.462239583333
0.466145833333
0.46484375
0.463541666667
0.470052083333
0.47265625
0.47265625
0.47265625
0.47265625
0.47265625
0.46875
0.46875
0.47265625
0.471354166667
0.467447916667
0.46875
0.46875
0.467447916667
0.467447916667
0.467447916667
0.470052083333
0.466145833333
0.470052083333
0.46875
0.466145833333
0.455729166667
0.458333333333
0.458333333333
0.455729166667
0.451822916667
0.44921875
0.453125
0.455729166667
0.45703125
0.462239583333
0.462239583333
0.4609375
0.455729166667
0.458333333333
0.46484375
0.4609375
0.46484375
0.455729166667
0.455729166667
0.466145833333
0.466145833333
0.46484375
0.454427083333
0.454427083333
0.454427083333
0.45703125
0.46875
0.45703125
0.46875
0.46484375
0.46875
0.470052083333
0.466145833333
0.466145833333
0.467447916667
0.473958333333
0.47265625
0.473958333333
0.470052083333
0.471354166667
0.470052083333
0.46875
0.47265625
0.467447916667
0.479166666667
0.471354166667
0.4765625
0.48046875
0.477864583333
0.4765625
0.48046875
0.48828125
0.485677083333
0.490885416667
0.49609375
0.486979166667
0.501302083333
0.498697916667
0.497395833333
0.501302083333
0.5078125
0.506510416667
0.509114583333
0.522135416667
0.51953125
0.515625
0.510416666667
0.51171875
0.51953125
0.505208333333
0.51171875
0.513020833333
0.518229166667
0.524739583333
0.518229166667
0.529947916667
0.528645833333
0.532552083333
0.54296875
0.540364583333
0.544270833333
0.5390625
0.548177083333
0.545572916667
0.537760416667
0.52734375
0.528645833333
0.524739583333
0.520833333333
0.522135416667
0.532552083333
0.532552083333
0.524739583333
0.53515625
0.5234375
0.53125
0.53515625
0.529947916667
0.536458333333
0.540364583333
0.53125
0.52734375
0.533854166667
0.532552083333
0.533854166667
0.533854166667
0.529947916667
0.52734375
0.533854166667
0.528645833333
0.528645833333
0.526041666667
0.524739583333
0.526041666667
0.536458333333
0.529947916667
0.520833333333
0.516927083333
0.526041666667
0.520833333333
0.51953125
0.522135416667
0.506510416667
0.505208333333
0.502604166667
0.510416666667
0.518229166667
0.514322916667
0.5234375
0.522135416667
0.522135416667
0.509114583333
0.501302083333
0.510416666667
0.515625
0.513020833333
0.509114583333
0.514322916667
0.5078125
0.506510416667
0.51171875
0.513020833333
0.510416666667
0.5078125
0.51171875
0.5078125
0.510416666667
0.50390625
0.505208333333
0.510416666667
0.505208333333
0.505208333333
0.5078125
0.50390625
0.501302083333
0.494791666667
0.49609375
0.50390625
0.5078125
0.51171875
0.50390625
0.510416666667
0.510416666667
0.5078125
0.51171875
0.51171875
0.513020833333
0.51171875
0.513020833333
0.509114583333
0.509114583333
0.510416666667
0.513020833333
0.509114583333
0.509114583333
0.51171875
0.513020833333
0.514322916667
0.502604166667
0.505208333333
0.505208333333
0.5078125
0.506510416667
0.506510416667
0.505208333333
0.50390625
0.50390625
0.505208333333
0.506510416667
0.510416666667
0.509114583333
0.506510416667
0.5078125
0.509114583333
0.518229166667
0.510416666667
0.510416666667
0.5078125
0.509114583333
0.509114583333
0.505208333333
0.5078125
0.509114583333
0.506510416667
0.50390625
0.505208333333
0.502604166667
0.505208333333
0.510416666667
0.50390625
0.502604166667
0.5078125
0.505208333333
0.505208333333
0.505208333333
0.5
0.5
0.5
0.5
0.5
0.50390625
0.502604166667
0.50390625
0.501302083333
0.5
0.497395833333
0.498697916667
0.497395833333
0.506510416667
0.506510416667
0.510416666667
0.510416666667
0.510416666667
0.509114583333
0.515625
0.5078125
0.502604166667
0.501302083333
0.501302083333
0.50390625
0.497395833333
0.498697916667
0.498697916667
0.502604166667
0.50390625
0.501302083333
0.5
0.49609375
0.497395833333
0.497395833333
0.497395833333
0.5
0.494791666667
0.493489583333
0.4921875
0.505208333333
0.490885416667
0.501302083333
0.50390625
0.497395833333
0.5
0.505208333333
0.505208333333
0.497395833333
0.497395833333
0.50390625
0.497395833333
0.50390625
0.50390625
0.4921875
0.501302083333
0.493489583333
0.50390625
0.5
0.501302083333
0.5
0.497395833333
0.497395833333
0.493489583333
0.497395833333
0.489583333333
0.502604166667
0.502604166667
0.5
0.49609375
0.489583333333
0.494791666667
0.494791666667
0.490885416667
0.494791666667
0.4921875
0.489583333333
0.502604166667
0.501302083333
0.493489583333
0.49609375
0.490885416667
0.493489583333
0.494791666667
0.49609375
0.501302083333
0.501302083333
0.498697916667
0.50390625
0.502604166667
0.497395833333
0.497395833333
0.498697916667
0.497395833333
0.498697916667
0.498697916667
0.494791666667
0.49609375
0.49609375
0.493489583333
0.49609375
0.493489583333
0.490885416667
0.493489583333
0.493489583333
0.489583333333
0.490885416667
0.4921875
0.489583333333
0.494791666667
0.494791666667
0.486979166667
0.493489583333
0.485677083333
0.483072916667
0.484375
0.483072916667
0.4921875
0.489583333333
0.490885416667
0.48828125
0.4921875
0.481770833333
0.484375
0.486979166667
0.48828125
0.48828125
0.490885416667
0.484375
0.48828125
0.498697916667
0.483072916667
0.485677083333
0.486979166667
0.48828125
0.486979166667
0.489583333333
0.485677083333
0.490885416667
0.490885416667
0.490885416667
0.490885416667
0.498697916667
0.4921875
0.494791666667
0.4921875
0.489583333333
0.490885416667
0.4921875
0.49609375
0.485677083333
0.489583333333
0.48828125
0.489583333333
0.485677083333
0.489583333333
0.497395833333
0.493489583333
0.4921875
0.490885416667
0.489583333333
0.483072916667
0.484375
0.48828125
0.483072916667
0.489583333333
0.481770833333
0.486979166667
0.48828125
0.490885416667
0.48828125
0.48828125
0.48828125
0.485677083333
0.485677083333
0.489583333333
0.489583333333
0.486979166667
0.48828125
0.489583333333
0.489583333333
0.479166666667
0.479166666667
0.479166666667
0.4765625
0.4765625
0.477864583333
0.477864583333
0.475260416667
0.479166666667
0.4765625
0.48046875
0.477864583333
0.479166666667
0.48046875
0.481770833333
0.485677083333
0.48046875
0.481770833333
0.475260416667
0.47265625
0.47265625
0.473958333333
0.473958333333
0.475260416667
0.473958333333
0.473958333333
0.47265625
0.47265625
0.4765625
0.473958333333
0.4765625
0.473958333333
0.477864583333
0.481770833333
0.479166666667
0.473958333333
0.475260416667
0.479166666667
0.481770833333
0.486979166667
0.481770833333
0.483072916667
0.489583333333
0.48046875
0.4921875
0.483072916667
0.484375
0.484375
0.484375
0.483072916667
0.498697916667
0.49609375
0.502604166667
0.509114583333
0.51953125
0.514322916667
0.5078125
0.505208333333
0.516927083333
0.51953125
0.51953125
0.51953125
0.515625
0.51171875
0.51953125
0.52734375
0.532552083333
0.533854166667
0.533854166667
0.528645833333
0.533854166667
0.518229166667
0.515625
0.515625
0.51953125
0.509114583333
0.509114583333
0.505208333333
0.518229166667
0.510416666667
0.494791666667
0.497395833333
0.48046875
0.463541666667
0.459635416667
0.458333333333
0.466145833333
0.46484375
0.4609375
0.44140625
0.436197916667
0.442708333333
0.428385416667
0.4140625
0.41796875
0.411458333333
0.41796875
0.40625
0.399739583333
0.416666666667
0.419270833333
0.424479166667
0.420572916667
0.423177083333
0.424479166667
0.428385416667
0.430989583333
0.42578125
0.428385416667
0.451822916667
0.46875
0.455729166667
0.471354166667
0.489583333333
0.498697916667
0.50390625
0.498697916667
0.49609375
0.528645833333
0.514322916667
0.515625
0.520833333333
0.532552083333
0.541666666667
0.553385416667
0.553385416667
0.559895833333
0.567708333333
0.571614583333
0.572916666667
0.57421875
0.569010416667
0.569010416667
0.567708333333
0.565104166667
0.555989583333
0.557291666667
0.557291666667
0.559895833333
0.565104166667
0.58203125
0.583333333333
0.575520833333
0.56640625
0.561197916667
0.557291666667
0.563802083333
0.565104166667
0.55859375
0.559895833333
0.5625
0.563802083333
0.561197916667
0.561197916667
0.559895833333
0.561197916667
0.5625
0.567708333333
0.569010416667
0.56640625
0.567708333333
0.572916666667
0.569010416667
0.569010416667
0.571614583333
0.5703125
0.576822916667
0.580729166667
0.579427083333
0.580729166667
0.57421875
0.571614583333
0.571614583333
0.5703125
0.572916666667
0.57421875
0.569010416667
0.5703125
0.565104166667
0.567708333333
0.563802083333
0.563802083333
0.559895833333
0.5546875
0.555989583333
0.553385416667
0.548177083333
0.548177083333
0.544270833333
0.548177083333
0.548177083333
0.544270833333
0.544270833333
0.549479166667
0.548177083333
0.5546875
0.5546875
0.555989583333
0.555989583333
0.557291666667
0.559895833333
0.553385416667
0.555989583333
0.563802083333
0.55859375
0.561197916667
0.555989583333
0.55859375
0.557291666667
0.557291666667
0.553385416667
0.552083333333
0.552083333333
0.5546875
0.552083333333
0.559895833333
0.559895833333
0.559895833333
0.5546875
0.555989583333
0.5546875
0.552083333333
0.55078125
0.559895833333
0.555989583333
0.563802083333
0.561197916667
0.553385416667
0.561197916667
0.545572916667
0.541666666667
0.537760416667
0.537760416667
0.5390625
0.540364583333
0.549479166667
0.546875
0.5390625
0.536458333333
0.53515625
0.533854166667
0.533854166667
0.533854166667
0.53125
0.536458333333
0.545572916667
0.52734375
0.53515625
0.553385416667
0.549479166667
0.536458333333
0.533854166667
0.541666666667
0.546875
0.537760416667
0.546875
0.546875
0.544270833333
0.544270833333
0.548177083333
0.5234375
0.537760416667
0.541666666667
0.522135416667
0.51953125
0.529947916667
0.518229166667
0.516927083333
0.5234375
0.514322916667
0.514322916667
0.533854166667
0.532552083333
0.53125
0.536458333333
0.532552083333
0.532552083333
0.53125
0.532552083333
0.529947916667
0.532552083333
0.526041666667
0.524739583333
0.520833333333
0.520833333333
0.51953125
0.520833333333
0.5234375
0.52734375
0.53125
0.536458333333
0.536458333333
0.537760416667
0.552083333333
0.55078125
0.55078125
0.544270833333
0.55078125
0.552083333333
0.555989583333
0.561197916667
0.5625
0.571614583333
0.57421875
0.56640625
0.575520833333
0.572916666667
0.572916666667
0.584635416667
0.571614583333
0.567708333333
0.567708333333
0.565104166667
0.571614583333
0.5703125
0.578125
0.575520833333
0.57421875
0.565104166667
0.57421875
0.571614583333
0.5703125
0.563802083333
0.56640625
0.557291666667
0.5546875
0.5625
0.549479166667
0.555989583333
0.555989583333
0.555989583333
0.55859375
0.5546875
0.549479166667
0.549479166667
0.549479166667
0.55078125
0.576822916667
0.575520833333
0.571614583333
0.5703125
0.5703125
0.571614583333
0.571614583333
0.5703125
0.572916666667
0.571614583333
0.572916666667
0.57421875
0.569010416667
0.57421875
0.559895833333
0.567708333333
0.569010416667
0.569010416667
0.5625
0.544270833333
0.545572916667
0.548177083333
0.571614583333
0.576822916667
0.544270833333
0.567708333333
0.5625
0.5625
0.559895833333
0.555989583333
0.548177083333
0.545572916667
0.548177083333
0.546875
0.548177083333
0.553385416667
0.548177083333
0.552083333333
0.557291666667
0.5546875
0.557291666667
0.5625
0.54296875
0.548177083333
0.555989583333
0.552083333333
0.548177083333
0.55078125
0.55859375
0.557291666667
0.5625
0.563802083333
0.55859375
0.561197916667
0.5546875
0.55859375
0.557291666667
0.557291666667
0.557291666667
0.561197916667
0.561197916667
0.55078125
0.555989583333
0.553385416667
0.548177083333
0.544270833333
0.549479166667
0.541666666667
0.541666666667
0.54296875
0.553385416667
0.553385416667
0.545572916667
0.55078125
0.5546875
0.55859375
0.557291666667
0.559895833333
0.5703125
0.569010416667
0.569010416667
0.5625
0.571614583333
0.559895833333
0.563802083333
0.569010416667
0.565104166667
0.563802083333
0.561197916667
0.559895833333
0.56640625
0.5703125
0.567708333333
0.571614583333
0.569010416667
0.56640625
0.56640625
0.565104166667
0.567708333333
0.55859375
0.575520833333
0.55859375
0.565104166667
0.563802083333
0.569010416667
0.571614583333
0.56640625
0.578125
0.576822916667
0.575520833333
0.579427083333
0.579427083333
0.5703125
0.569010416667
0.571614583333
0.58203125
0.58203125
0.588541666667
0.592447916667
0.60546875
0.6015625
0.6015625
0.604166666667
0.60546875
0.596354166667
0.596354166667
0.596354166667
0.596354166667
0.592447916667
0.596354166667
0.596354166667
0.600260416667
0.600260416667
0.6015625
0.6015625
0.598958333333
0.6015625
0.6015625
0.600260416667
0.59765625
0.596354166667
0.596354166667
0.596354166667
0.59765625
0.596354166667
0.595052083333
0.59765625
0.602864583333
0.600260416667
0.600260416667
0.608072916667
0.608072916667
0.600260416667
0.6015625
0.602864583333
0.598958333333
0.600260416667
0.600260416667
0.610677083333
0.611979166667
0.622395833333
0.618489583333
0.615885416667
0.615885416667
0.614583333333
0.61328125
0.6171875
0.623697916667
0.625
0.62109375
0.62890625
0.639322916667
0.641927083333
0.640625
0.638020833333
0.638020833333
0.638020833333
0.631510416667
0.6328125
0.631510416667
0.627604166667
0.630208333333
0.630208333333
0.627604166667
0.6328125
0.630208333333
0.630208333333
0.630208333333
0.6328125
0.635416666667
0.634114583333
0.634114583333
0.638020833333
0.631510416667
0.639322916667
0.638020833333
0.639322916667
0.635416666667
0.635416666667
0.635416666667
0.638020833333
0.638020833333
0.634114583333
0.63671875
0.6328125
0.638020833333
0.63671875
0.639322916667
0.639322916667
0.635416666667
0.635416666667
0.634114583333
0.63671875
0.63671875
0.63671875
0.640625
0.640625
0.640625
0.641927083333
0.639322916667
0.64453125
0.64453125
0.643229166667
0.643229166667
0.6484375
0.661458333333
0.66015625
0.65234375
0.65234375
0.6640625
0.66015625
0.669270833333
0.6640625
0.6640625
0.674479166667
0.647135416667
0.647135416667
0.66015625
0.665364583333
0.645833333333
0.645833333333
0.6328125
0.64453125
0.641927083333
0.647135416667
0.643229166667
0.62109375
0.618489583333
0.618489583333
0.608072916667
0.61328125
0.610677083333
0.611979166667
0.614583333333
0.615885416667
0.615885416667
0.61328125
0.611979166667
0.61328125
0.671875
0.674479166667
0.67578125
0.671875
0.680989583333
0.678385416667
0.677083333333
0.678385416667
0.67578125
0.677083333333
0.673177083333
0.6796875
0.674479166667
0.680989583333
0.680989583333
0.682291666667
0.682291666667
0.680989583333
0.680989583333
0.682291666667
0.6796875
0.677083333333
0.677083333333
0.6796875
0.626302083333
0.62890625
0.630208333333
0.630208333333
0.62109375
0.62109375
0.623697916667
0.626302083333
0.627604166667
0.62890625
0.62890625
0.6328125
0.626302083333
0.62890625
0.631510416667
0.627604166667
0.627604166667
0.626302083333
0.631510416667
0.630208333333
0.62890625
0.62890625
0.62890625
0.634114583333
0.63671875
0.627604166667
0.627604166667
0.626302083333
0.631510416667
0.630208333333
0.627604166667
0.625
0.625
0.625
0.625
0.625
0.625
0.619791666667
0.625
0.615885416667
0.615885416667
0.618489583333
0.610677083333
0.614583333333
0.6171875
0.6171875
0.6171875
0.6171875
0.618489583333
0.618489583333
0.614583333333
0.6171875
0.61328125
0.618489583333
0.618489583333
0.619791666667
0.618489583333
0.623697916667
0.618489583333
0.62109375
0.61328125
0.614583333333
0.608072916667
0.606770833333
0.615885416667
0.622395833333
0.625
0.611979166667
0.602864583333
0.59765625
0.60546875
0.595052083333
0.595052083333
0.575520833333
0.579427083333
0.5859375
0.584635416667
0.584635416667
0.57421875
0.572916666667
0.58203125
0.584635416667
0.572916666667
0.561197916667
0.5625
0.56640625
0.575520833333
0.572916666667
0.576822916667
0.579427083333
0.591145833333
0.579427083333
0.580729166667
0.584635416667
0.576822916667
0.567708333333
0.565104166667
0.56640625
0.575520833333
0.575520833333
0.576822916667
0.580729166667
0.578125
0.57421875
0.576822916667
0.572916666667
0.57421875
0.580729166667
0.578125
0.5703125
0.572916666667
0.571614583333
0.5625
0.575520833333
0.565104166667
0.55859375
0.55859375
0.555989583333
0.559895833333
0.557291666667
0.57421875
0.557291666667
0.580729166667
0.548177083333
0.578125
0.580729166667
0.57421875
0.569010416667
0.56640625
0.569010416667
0.5703125
0.569010416667
0.572916666667
0.57421875
0.572916666667
0.572916666667
0.5625
0.561197916667
0.5625
0.5625
0.56640625
0.5625
0.555989583333
0.557291666667
0.555989583333
0.555989583333
0.555989583333
0.557291666667
0.55859375
0.557291666667
0.555989583333
0.552083333333
0.55859375
0.55859375
0.555989583333
0.552083333333
0.552083333333
0.559895833333
0.55078125
0.5546875
0.5546875
0.55078125
0.55078125
0.544270833333
0.546875
0.545572916667
0.545572916667
0.545572916667
0.546875
0.537760416667
0.53125
0.5390625
0.537760416667
0.53515625
0.533854166667
0.533854166667
0.5390625
0.53515625
0.540364583333
0.533854166667
0.537760416667
0.540364583333
0.532552083333
0.5390625
0.53515625
0.53515625
0.528645833333
0.53125
0.532552083333
0.53125
0.52734375
0.528645833333
0.529947916667
0.528645833333
0.5234375
0.541666666667
0.53515625
0.532552083333
0.532552083333
0.528645833333
0.540364583333
0.52734375
0.52734375
0.52734375
0.5234375
0.520833333333
0.520833333333
0.522135416667
0.522135416667
0.522135416667
0.51953125
0.518229166667
0.516927083333
0.522135416667
0.5234375
0.5234375
0.524739583333
0.516927083333
0.513020833333
0.513020833333
0.520833333333
0.518229166667
0.510416666667
0.51171875
0.522135416667
0.514322916667
0.505208333333
0.513020833333
0.51171875
0.514322916667
0.513020833333
0.515625
0.509114583333
0.50390625
0.502604166667
0.506510416667
0.513020833333
0.510416666667
0.510416666667
0.50390625
0.510416666667
0.51171875
0.510416666667
0.5078125
0.502604166667
0.505208333333
0.498697916667
0.5
0.494791666667
0.49609375
0.49609375
0.494791666667
0.49609375
0.493489583333
0.493489583333
0.489583333333
0.48828125
0.489583333333
0.490885416667
0.484375
0.483072916667
0.484375
0.484375
0.485677083333
0.483072916667
0.484375
0.485677083333
0.4921875
0.485677083333
0.48046875
0.481770833333
0.484375
0.486979166667
0.484375
0.483072916667
0.483072916667
0.481770833333
0.483072916667
0.481770833333
0.481770833333
0.479166666667
0.479166666667
0.479166666667
0.473958333333
0.471354166667
0.473958333333
0.473958333333
0.471354166667
0.475260416667
0.47265625
0.47265625
0.4765625
0.470052083333
0.466145833333
0.46875
0.455729166667
0.46484375
0.462239583333
0.458333333333
0.458333333333
0.458333333333
0.458333333333
0.459635416667
0.45703125
0.453125
0.453125
0.451822916667
0.451822916667
0.44921875
0.44921875
0.447916666667
0.450520833333
0.447916666667
0.4453125
0.44921875
0.44921875
0.453125
0.44921875
0.44921875
0.453125
0.450520833333
0.44921875
0.44140625
0.446614583333
0.444010416667
0.438802083333
0.442708333333
0.4375
0.43359375
0.4375
0.434895833333
0.43359375
0.434895833333
0.430989583333
0.430989583333
0.432291666667
0.4296875
0.432291666667
0.430989583333
0.428385416667
0.428385416667
0.423177083333
0.42578125
0.42578125
0.42578125
0.42578125
0.421875
0.428385416667
0.427083333333
0.424479166667
0.4296875
0.43359375
0.4296875
0.4296875
0.4296875
0.427083333333
0.42578125
0.427083333333
0.421875
0.424479166667
0.419270833333
0.419270833333
0.423177083333
0.420572916667
0.420572916667
0.415364583333
0.415364583333
0.420572916667
0.4140625
0.419270833333
0.415364583333
0.4140625
0.420572916667
0.416666666667
0.420572916667
0.427083333333
0.42578125
0.428385416667
0.4140625
0.428385416667
0.420572916667
0.42578125
0.415364583333
0.42578125
0.412760416667
0.411458333333
0.41015625
0.411458333333
0.41015625
0.408854166667
0.41015625
0.408854166667
0.407552083333
0.40234375
0.401041666667
0.404947916667
0.403645833333
0.404947916667
0.399739583333
0.40234375
0.40234375
0.401041666667
0.401041666667
0.40625
0.407552083333
0.395833333333
0.395833333333
0.393229166667
0.393229166667
0.399739583333
0.391927083333
0.399739583333
0.3984375
0.3984375
0.403645833333
0.401041666667
0.399739583333
0.403645833333
0.403645833333
0.404947916667
0.404947916667
0.404947916667
0.403645833333
0.404947916667
0.3984375
0.3984375
0.3984375
0.395833333333
0.39453125
0.39453125
0.393229166667
0.391927083333
0.390625
0.389322916667
0.389322916667
0.388020833333
0.385416666667
0.385416666667
0.385416666667
0.38671875
0.38671875
0.384114583333
0.384114583333
0.384114583333
0.384114583333
0.381510416667
0.376302083333
0.376302083333
0.376302083333
0.381510416667
0.381510416667
0.381510416667
0.380208333333
0.380208333333
0.37890625
0.381510416667
0.381510416667
0.380208333333
0.376302083333
0.376302083333
0.376302083333
0.377604166667
0.376302083333
0.375
0.375
0.368489583333
0.3671875
0.365885416667
0.368489583333
0.365885416667
0.3671875
0.365885416667
0.364583333333
0.36328125
0.36328125
0.361979166667
0.364583333333
0.360677083333
0.358072916667
0.368489583333
0.369791666667
0.373697916667
0.37109375
0.375
0.37109375
0.393229166667
0.3984375
0.403645833333
0.408854166667
0.411458333333
0.40625
0.404947916667
0.424479166667
0.416666666667
0.41796875
0.423177083333
0.434895833333
0.43359375
0.4453125
0.4453125
0.438802083333
0.446614583333
0.450520833333
0.447916666667
0.45703125
0.454427083333
0.454427083333
0.447916666667
0.446614583333
0.4453125
0.442708333333
0.447916666667
0.454427083333
0.44921875
0.450520833333
0.444010416667
0.450520833333
0.451822916667
0.447916666667
0.454427083333
0.450520833333
0.451822916667
0.450520833333
0.4609375
0.454427083333
0.459635416667
0.459635416667
0.4609375
0.459635416667
0.45703125
0.45703125
0.45703125
0.46484375
0.467447916667
0.459635416667
0.462239583333
0.46484375
0.463541666667
0.467447916667
0.46875
0.467447916667
0.471354166667
0.475260416667
0.47265625
0.470052083333
0.470052083333
0.47265625
0.471354166667
0.463541666667
0.463541666667
0.463541666667
0.463541666667
0.459635416667
0.466145833333
0.467447916667
0.467447916667
0.46875
0.4765625
0.483072916667
0.477864583333
0.477864583333
0.48046875
0.479166666667
0.479166666667
0.486979166667
0.481770833333
0.489583333333
0.493489583333
0.5078125
0.509114583333
0.509114583333
0.526041666667
0.515625
0.53125
0.537760416667
0.533854166667
0.53515625
0.53515625
0.537760416667
0.546875
0.544270833333
0.533854166667
0.540364583333
0.552083333333
0.555989583333
0.561197916667
0.56640625
0.565104166667
0.559895833333
0.55859375
0.55859375
0.563802083333
0.561197916667
0.571614583333
0.579427083333
0.58203125
0.583333333333
0.575520833333
0.58203125
0.583333333333
0.591145833333
0.59375
0.587239583333
0.591145833333
0.592447916667
0.596354166667
0.59375
0.584635416667
0.583333333333
0.588541666667
0.591145833333
0.5859375
0.575520833333
0.576822916667
0.584635416667
0.5859375
0.59375
0.591145833333
0.591145833333
0.5703125
0.58984375
0.58984375
0.5859375
0.578125
0.576822916667
0.58203125
0.58203125
0.575520833333
0.58203125
0.563802083333
0.569010416667
0.5703125
0.575520833333
0.588541666667
0.584635416667
0.588541666667
0.592447916667
0.583333333333
0.59375
0.58984375
0.583333333333
0.5859375
0.5859375
0.58984375
0.569010416667
0.565104166667
0.569010416667
0.569010416667
0.578125
0.561197916667
0.55859375
0.557291666667
0.561197916667
0.557291666667
0.5625
0.563802083333
0.555989583333
0.557291666667
0.555989583333
0.555989583333
0.55859375
0.557291666667
0.557291666667
0.5546875
0.563802083333
0.578125
0.553385416667
0.55078125
0.548177083333
0.548177083333
0.545572916667
0.537760416667
0.540364583333
0.537760416667
0.536458333333
0.5390625
0.541666666667
0.546875
0.546875
0.545572916667
0.537760416667
0.53515625
0.529947916667
0.548177083333
0.546875
0.545572916667
0.54296875
0.552083333333
0.545572916667
0.540364583333
0.5390625
0.53125
0.536458333333
0.537760416667
0.537760416667
0.544270833333
0.536458333333
0.54296875
0.516927083333
0.505208333333
0.502604166667
0.505208333333
0.5078125
0.506510416667
0.50390625
0.513020833333
0.50390625
0.5078125
0.50390625
0.50390625
0.50390625
0.5
0.5
0.501302083333
0.49609375
0.497395833333
0.5
0.498697916667
0.502604166667
0.502604166667
0.501302083333
0.501302083333
0.49609375
0.502604166667
0.5
0.505208333333
0.502604166667
0.4921875
0.489583333333
0.5
0.5
0.497395833333
0.490885416667
0.489583333333
0.494791666667
0.489583333333
0.490885416667
0.49609375
0.490885416667
0.489583333333
0.48828125
0.484375
0.479166666667
0.4765625
0.4765625
0.477864583333
0.477864583333
0.483072916667
0.481770833333
0.481770833333
0.479166666667
0.481770833333
0.475260416667
0.4765625
0.473958333333
0.471354166667
0.466145833333
0.466145833333
0.463541666667
0.466145833333
0.459635416667
0.454427083333
0.455729166667
0.453125
0.453125
0.451822916667
0.453125
0.45703125
0.458333333333
0.45703125
0.45703125
0.454427083333
0.455729166667
0.453125
0.45703125
0.451822916667
0.454427083333
0.447916666667
0.44921875
0.451822916667
0.44921875
0.44921875
0.44921875
0.447916666667
0.455729166667
0.454427083333
0.451822916667
0.44921875
0.4453125
0.446614583333
0.447916666667
0.4453125
0.444010416667
0.4453125
0.444010416667
0.438802083333
0.444010416667
0.4375
0.43359375
0.432291666667
0.430989583333
0.430989583333
0.43359375
0.43359375
0.436197916667
0.4375
0.442708333333
0.444010416667
0.436197916667
0.432291666667
0.436197916667
0.430989583333
0.4296875
0.436197916667
0.434895833333
0.430989583333
0.436197916667
0.438802083333
0.438802083333
0.434895833333
0.440104166667
0.44140625
0.442708333333
0.442708333333
0.442708333333
0.442708333333
0.442708333333
0.4375
0.440104166667
0.4375
0.4375
0.436197916667
0.4375
0.432291666667
0.428385416667
0.428385416667
0.432291666667
0.434895833333
0.43359375
0.438802083333
0.440104166667
0.4375
0.44140625
0.434895833333
0.423177083333
0.424479166667
0.41796875
0.415364583333
0.419270833333
0.41796875
0.420572916667
0.412760416667
0.40234375
0.404947916667
0.408854166667
0.404947916667
0.404947916667
0.407552083333
0.399739583333
0.40234375
0.40234375
0.41015625
0.41015625
0.4140625
0.411458333333
0.415364583333
0.416666666667
0.41796875
0.407552083333
0.403645833333
0.4140625
0.403645833333
0.399739583333
0.403645833333
0.412760416667
0.412760416667
0.404947916667
0.41015625
0.41015625
0.412760416667
0.4140625
0.4140625
0.416666666667
0.416666666667
0.416666666667
0.412760416667
0.41015625
0.408854166667
0.40625
0.407552083333
0.40625
0.404947916667
0.401041666667
0.41015625
0.407552083333
0.41015625
0.408854166667
0.4140625
0.416666666667
0.41796875
0.4140625
0.41796875
0.416666666667
0.41796875
0.404947916667
0.404947916667
0.412760416667
0.41015625
0.411458333333
0.4140625
0.411458333333
0.420572916667
0.41015625
0.41015625
0.420572916667
0.419270833333
0.420572916667
0.420572916667
0.415364583333
0.427083333333
0.453125
0.451822916667
0.481770833333
0.481770833333
0.481770833333
0.481770833333
0.48046875
0.48046875
0.483072916667
0.483072916667
0.483072916667
0.483072916667
0.484375
0.483072916667
0.477864583333
0.479166666667
0.473958333333
0.473958333333
0.477864583333
0.4765625
0.47265625
0.471354166667
0.475260416667
0.483072916667
0.483072916667
0.481770833333
0.4765625
0.477864583333
0.477864583333
0.477864583333
0.477864583333
0.481770833333
0.479166666667
0.483072916667
0.483072916667
0.479166666667
0.479166666667
0.48046875
0.48046875
0.486979166667
0.48046875
0.484375
0.479166666667
0.477864583333
0.484375
0.484375
0.48046875
0.477864583333
0.479166666667
0.479166666667
0.477864583333
0.479166666667
0.489583333333
0.483072916667
0.484375
0.489583333333
0.48828125
0.4921875
0.489583333333
0.493489583333
0.493489583333
0.48828125
0.486979166667
0.48828125
0.494791666667
0.4921875
0.489583333333
0.4921875
0.490885416667
0.4921875
0.48828125
0.48828125
0.490885416667
0.4921875
0.493489583333
0.486979166667
0.486979166667
0.4765625
0.47265625
0.470052083333
0.463541666667
0.451822916667
0.44921875
0.444010416667
0.477864583333
0.479166666667
0.458333333333
0.420572916667
0.419270833333
0.412760416667
0.401041666667
0.388020833333
0.3984375
0.40234375
0.40625
0.41796875
0.419270833333
0.408854166667
0.419270833333
0.427083333333
0.41796875
0.420572916667
0.412760416667
0.41015625
0.416666666667
0.40625
0.4140625
0.4296875
0.419270833333
0.42578125
0.450520833333
0.420572916667
0.4296875
0.436197916667
0.442708333333
0.424479166667
0.4375
0.442708333333
0.4375
0.434895833333
0.434895833333
0.434895833333
0.430989583333
0.434895833333
0.4375
0.444010416667
0.432291666667
0.434895833333
0.438802083333
0.442708333333
0.434895833333
0.444010416667
0.442708333333
0.43359375
0.4296875
0.430989583333
0.44140625
0.438802083333
0.444010416667
0.43359375
0.438802083333
0.446614583333
0.442708333333
0.451822916667
0.451822916667
0.450520833333
0.458333333333
0.455729166667
0.458333333333
0.455729166667
0.451822916667
0.451822916667
0.44921875
0.44921875
0.444010416667
0.4453125
0.442708333333
0.447916666667
0.447916666667
0.446614583333
0.446614583333
0.4453125
0.4453125
0.444010416667
0.446614583333
0.453125
0.4453125
0.446614583333
0.447916666667
0.4453125
0.4453125
0.4453125
0.446614583333
0.44921875
0.442708333333
0.442708333333
0.442708333333
0.438802083333
0.4375
0.436197916667
0.4453125
0.436197916667
0.4453125
0.4375
0.436197916667
0.4375
0.442708333333
0.444010416667
0.442708333333
0.444010416667
0.446614583333
0.446614583333
0.446614583333
0.440104166667
0.434895833333
0.4453125
0.4375
0.44140625
0.432291666667
0.440104166667
0.4296875
0.430989583333
0.43359375
0.43359375
0.42578125
0.430989583333
0.430989583333
0.430989583333
0.43359375
0.436197916667
0.430989583333
0.430989583333
0.430989583333
0.428385416667
0.432291666667
0.430989583333
0.430989583333
0.427083333333
0.430989583333
0.440104166667
0.446614583333
0.430989583333
0.44140625
0.444010416667
0.438802083333
0.444010416667
0.440104166667
0.438802083333
0.436197916667
0.434895833333
0.434895833333
0.438802083333
0.434895833333
0.4375
0.438802083333
0.440104166667
0.438802083333
0.438802083333
0.442708333333
0.4375
0.438802083333
0.4375
0.440104166667
0.440104166667
0.44140625
0.440104166667
0.436197916667
0.438802083333
0.438802083333
0.436197916667
0.4375
0.4375
0.4375
0.440104166667
0.440104166667
0.440104166667
0.440104166667
0.440104166667
0.4375
0.4375
0.4375
0.436197916667
0.4375
0.4375
0.436197916667
0.434895833333
0.434895833333
0.43359375
0.440104166667
0.434895833333
0.434895833333
0.436197916667
0.432291666667
0.43359375
0.430989583333
0.43359375
0.430989583333
0.434895833333
0.434895833333
0.428385416667
0.430989583333
0.430989583333
0.430989583333
0.430989583333
0.434895833333
0.432291666667
0.432291666667
0.428385416667
0.4296875
0.4296875
0.432291666667
0.427083333333
0.4296875
0.434895833333
0.4375
0.4296875
0.428385416667
0.438802083333
0.444010416667
0.44140625
0.43359375
0.424479166667
0.432291666667
0.427083333333
0.434895833333
0.436197916667
0.4296875
0.4296875
0.4296875
0.428385416667
0.42578125
0.440104166667
0.440104166667
0.436197916667
0.42578125
0.43359375
0.434895833333
0.428385416667
0.430989583333
0.430989583333
0.428385416667
0.428385416667
0.42578125
0.42578125
0.42578125
0.4296875
0.4375
0.4375
0.440104166667
0.434895833333
0.4453125
0.440104166667
0.44140625
0.438802083333
0.440104166667
0.434895833333
0.4375
0.440104166667
0.442708333333
0.442708333333
0.447916666667
0.436197916667
0.436197916667
0.44140625
0.44140625
0.447916666667
0.4453125
0.44140625
0.450520833333
0.4453125
0.451822916667
0.453125
0.450520833333
0.450520833333
0.44921875
0.451822916667
