4.91667
10.9583
12.4583
12.5
20.0417
267.167
328.583
377.833
408.458
419
426.625
459.792
481.875
488.958
524.542
537.917
551.958
556.083
568.917
671.583
726.958
761.083
780.792
799.542
866.333
872.042
880.417
908.792
928.708
949.958
957.333
970.667
977.917
980.458
984.625
996.208
1001.04
1009.88
1015.38
1020.04
1035.42
1049.17
1052.21
1055.08
1057.58
1065.79
1087.96
1214.79
1219.21
1256.88
1286.75
1298.33
1334
1348.92
1372.54
1440.92
1601.62
1838.42
2127.67
2132.67
2172.25
2181.29
2252.12
2294.33
2384.25
2390.83
2398.79
2406.88
2408.92
2413.46
2435.21
2446.08
2456.88
2469.21
2477.92
2486.54
2506.08
2518.62
2534.5
2554.29
2656.62
2667.5
2678.5
2689.75
2702.08
2731.42
2739.58
2744.62
2759.54
2774.12
2789.25
2818.04
2822.5
2826.04
2830.08
2834.04
2836.08
2841.42
2889.5
2894.62
2901.71
2909.71
2923.04
2927.21
2930.67
2933.46
2948.96
2975.29
2982.92
2987.88
3048.67
3057.25
3061.5
3073.21
3075.96
3081.25
3083.88
3087.29
3091.25
3107.71
3137.79
3150.79
3169.62
3190.33
3223.5
3322.46
3330.04
3335.08
3342.92
3345.08
3348.42
3356.46
3405.54
3453.21
3466.62
3636
3649.25
3668.88
3676.21
3684.54
3689.67
3713.17
3722.75
3752.17
3766.92
3810
3814.5
3991.17
4001.5
4009.33
4042.46
4094.96
4194.21
4204.12
4237.58
4241.29
4248.17
4255.58
4263.71
4276.08
4299.62
4478.29
4495.71
4527.92
4549.88
4566.83
4605.79
4617.21
4671.71
4707.46
4713.67
4739.08
4750.92
4772.88
4788.33
4889.67
4907.12
4950.79
4963.21
4984.17
4991.96
4995.38
4999.62
5003.42
5008.88
5025.83
5048.08
5053
5087.38
5112.71
5146.67
5152.25
5154.88
5190.79
5402.17
5468.25
5520.88
5567.75
5575.71
5598.21
5612.62
5628.71
5672.75
5691.83
5728.17
5740.83
5966.67
5987
6004.67
6015.79
6034.62
6040.46
6047.17
6057.75
6065.04
6089.75
6096.5
6106.5
6113.12
6118.46
6143.62
6245.42
6314.29
6333.92
6345.21
6363.88
6570.38
6635.04
6642.62
6670.83
6677.54
6685.62
6695.17
6702.17
6713.42
6723.88
6736.71
6752.12
6767.12
6781.71
6789.71
6798.83
6806.25
6818.25
6825.12
6828.08
6835.38
6948.88
7014.96
7028.58
7050.71
7080.17
7083.5
7086.25
7130.46
7139.17
7164.5
7194.08
7203.12
7239.08
7250.58
7261.54
7276.62
7424.25
7437.58
7442.75
7448.79
7454.08
7457.33
7467.75
7482.04
7488.96
7504.79
7534.92
7539.96
7575.67
7586.54
7631.33
7638.08
7672.71
7677.67
7695.67
7706.67
7717.33
7770.21
7848.29
7852.83
7860.5
7868.21
7887.21
7919.62
7925.54
7932.12
7945.04
7979.38
7986.46
7991.62
8049.5
8059.54
8066.38
8070.79
8076.58
8082.58
8089.88
8097.92
8106.71
8111.71
8116.58
8122.71
8140.38
8158.38
