0.667633056641
0.667877197266
0.66796875
0.6689453125
0.669128417969
0.669296264648
0.664016723633
0.671920776367
0.677291870117
0.680328369141
0.680160522461
0.679214477539
0.6767578125
0.676879882812
0.677352905273
0.67985534668
0.679946899414
0.685333251953
0.685333251953
0.685485839844
0.685684204102
0.685684204102
0.685684204102
0.685653686523
0.685684204102
0.685974121094
0.688446044922
0.688629150391
0.688735961914
0.688720703125
0.688293457031
0.688323974609
0.688491821289
0.688278198242
0.688369750977
0.688293457031
0.6884765625
0.688400268555
0.688400268555
0.688140869141
0.688140869141
0.694351196289
0.693634033203
0.693496704102
0.693542480469
0.694229125977
0.694320678711
0.691848754883
0.691787719727
0.691711425781
0.691955566406
0.691986083984
0.691802978516
0.691879272461
0.691879272461
0.693801879883
0.69367980957
0.691604614258
0.696380615234
0.691543579102
0.701232910156
0.699905395508
0.699966430664
0.699584960938
0.698623657227
0.698822021484
0.69841003418
0.697860717773
0.697143554688
0.697021484375
0.696899414062
0.667358398438
0.664077758789
0.666366577148
0.664886474609
0.659393310547
0.657073974609
0.657028198242
0.664123535156
0.65739440918
0.675811767578
0.688369750977
0.688690185547
0.710388183594
0.715408325195
0.709747314453
0.709747314453
0.714233398438
0.713912963867
0.703033447266
0.702133178711
0.701782226562
0.701507568359
0.701416015625
0.702194213867
0.702301025391
0.702224731445
0.702575683594
0.702789306641
0.703948974609
0.703918457031
0.703918457031
0.703872680664
0.703796386719
0.703994750977
0.704193115234
0.704177856445
0.704299926758
0.704193115234
0.7041015625
0.704071044922
0.704025268555
0.704086303711
0.704025268555
0.70378112793
0.70393371582
0.703857421875
0.707855224609
0.707672119141
0.707565307617
0.709259033203
0.70915222168
0.709060668945
0.709350585938
0.709213256836
0.709121704102
0.709197998047
0.709075927734
0.708374023438
0.703170776367
0.700668334961
0.704284667969
0.703964233398
0.698944091797
0.701049804688
0.702713012695
0.703109741211
0.703247070312
0.703430175781
0.702911376953
0.703277587891
0.703186035156
0.703399658203
0.703414916992
0.703384399414
0.703735351562
0.7041015625
0.704528808594
0.704864501953
0.705261230469
0.707595825195
0.707504272461
0.707580566406
0.707672119141
0.709365844727
0.710723876953
0.710388183594
0.710174560547
0.709274291992
0.708190917969
0.708480834961
0.711822509766
0.711730957031
0.711502075195
0.696685791016
0.696228027344
0.69499206543
0.694854736328
0.69465637207
0.680709838867
0.680297851562
0.686431884766
0.686294555664
0.686462402344
0.683456420898
0.682403564453
0.682510375977
0.682525634766
0.684020996094
0.684143066406
0.701965332031
0.702224731445
0.701950073242
0.702163696289
0.702117919922
0.6982421875
0.703857421875
0.698440551758
0.698394775391
0.686279296875
0.686340332031
0.68440246582
0.684509277344
0.684219360352
0.703872680664
0.701751708984
0.701461791992
0.700592041016
0.700592041016
0.700607299805
0.703842163086
0.704132080078
0.703979492188
0.707550048828
0.707641601562
0.707427978516
0.707504272461
0.707397460938
0.707397460938
0.707321166992
0.707916259766
0.707794189453
0.708297729492
0.708374023438
0.710327148438
0.710250854492
0.710205078125
0.709976196289
0.709945678711
0.710510253906
0.710464477539
0.710418701172
0.710311889648
0.710189819336
0.715316772461
0.71305847168
0.712997436523
0.712890625
0.712738037109
0.712768554688
0.717193603516
0.716827392578
0.716674804688
0.716644287109
0.716598510742
0.70947265625
0.709533691406
0.709503173828
0.709350585938
0.70930480957
0.711303710938
0.71125793457
0.711181640625
0.711029052734
0.710494995117
0.710754394531
0.711654663086
0.711685180664
0.710601806641
0.710388183594
0.710266113281
0.710296630859
0.710266113281
0.710220336914
0.709762573242
0.710662841797
0.71076965332
0.710510253906
0.705657958984
0.712631225586
0.706970214844
0.70654296875
0.706344604492
0.706283569336
0.70622253418
0.706420898438
0.706146240234
0.707077026367
0.71208190918
0.712051391602
0.707489013672
0.707550048828
0.707443237305
0.71354675293
0.713470458984
0.712982177734
0.713088989258
0.713027954102
0.712921142578
0.712905883789
0.712921142578
0.712799072266
0.705871582031
0.706100463867
0.705871582031
0.705535888672
0.705749511719
0.705780029297
0.703353881836
0.703491210938
0.703262329102
0.703033447266
0.70295715332
0.702880859375
0.702911376953
0.702880859375
0.709457397461
0.709381103516
0.709365844727
0.709579467773
0.703887939453
0.703918457031
0.711654663086
0.711410522461
0.711273193359
0.711135864258
0.710861206055
0.710891723633
0.710876464844
0.705474853516
0.711364746094
0.710586547852
0.704727172852
0.704559326172
0.704483032227
0.704650878906
0.704681396484
0.70458984375
0.710815429688
0.711090087891
0.705505371094
0.71076965332
0.710815429688
0.705352783203
0.705230712891
0.704940795898
0.705215454102
0.705032348633
0.705047607422
0.705001831055
0.704925537109
0.704956054688
0.711868286133
0.711959838867
0.71159362793
0.711975097656
0.711929321289
0.711135864258
0.711227416992
0.711334228516
0.711303710938
0.711334228516
0.710601806641
0.710403442383
0.710311889648
0.710006713867
0.709869384766
0.710327148438
0.710067749023
0.710220336914
0.7109375
0.710815429688
0.7109375
0.711212158203
0.711013793945
0.710952758789
0.710845947266
0.7109375
0.7109375
0.7109375
0.709564208984
0.708251953125
0.706970214844
0.706802368164
0.706848144531
0.706771850586
0.706588745117
0.708541870117
0.708694458008
0.708129882812
0.707962036133
0.707855224609
0.70783996582
0.707870483398
0.71240234375
0.712677001953
0.712615966797
0.711242675781
0.711441040039
0.711273193359
0.711059570312
0.706985473633
0.704803466797
0.705657958984
0.704650878906
0.702392578125
0.702239990234
0.702163696289
0.702087402344
0.701400756836
0.700607299805
0.701309204102
0.703689575195
0.704437255859
0.704681396484
0.704788208008
0.703536987305
0.70361328125
0.704086303711
0.7041015625
0.704116821289
0.7041015625
0.704193115234
0.704391479492
0.704574584961
0.710662841797
0.710647583008
0.710708618164
0.710739135742
0.710861206055
0.710861206055
0.714202880859
0.714294433594
0.714385986328
0.714477539062
0.71435546875
0.714385986328
0.70881652832
0.708679199219
0.708145141602
0.707748413086
0.708053588867
0.707992553711
0.708038330078
0.707946777344
0.708038330078
0.708190917969
0.708358764648
0.708221435547
0.7080078125
0.713134765625
0.707672119141
0.714981079102
0.714828491211
0.714736938477
0.715576171875
0.715621948242
0.710296630859
0.715606689453
0.715621948242
0.709442138672
0.709335327148
0.70930480957
0.709259033203
0.70915222168
0.709136962891
0.713623046875
0.713623046875
0.713531494141
0.713500976562
0.704788208008
0.704727172852
0.710189819336
0.710250854492
0.710220336914
0.709625244141
0.709564208984
0.709335327148
0.709396362305
0.70378112793
0.703735351562
0.704437255859
0.704650878906
0.708602905273
0.708435058594
0.708038330078
0.708312988281
0.708480834961
0.708282470703
0.708282470703
0.70964050293
0.70947265625
0.709396362305
0.709182739258
0.708770751953
0.70881652832
0.707931518555
0.707717895508
0.707504272461
0.707382202148
0.709289550781
0.710723876953
0.710708618164
0.710601806641
0.710525512695
0.710540771484
0.70964050293
0.710556030273
0.711318969727
0.711456298828
0.711441040039
0.711029052734
0.711059570312
0.711074829102
0.710723876953
0.696853637695
0.69660949707
0.690872192383
0.696151733398
0.696319580078
0.696426391602
0.696594238281
0.696533203125
0.696395874023
0.696273803711
0.682586669922
0.682159423828
0.681625366211
0.681411743164
0.68132019043
0.68505859375
0.687835693359
0.688018798828
0.6875
0.687438964844
0.687545776367
0.687683105469
0.687545776367
0.687194824219
0.695220947266
0.695327758789
0.695404052734
0.69548034668
0.695495605469
0.695678710938
0.697799682617
0.697875976562
0.697616577148
0.697525024414
0.697402954102
0.697372436523
0.69743347168
0.697402954102
0.697418212891
0.697311401367
0.697128295898
0.697570800781
0.697448730469
0.697723388672
0.697677612305
0.674942016602
0.675094604492
0.675155639648
0.675567626953
0.675643920898
0.675933837891
0.676345825195
0.676788330078
0.677032470703
0.689712524414
0.690307617188
0.690567016602
0.690628051758
0.690643310547
0.700241088867
0.701065063477
0.701171875
0.701477050781
0.701568603516
0.70166015625
0.70458984375
0.704666137695
0.704681396484
0.705123901367
0.70524597168
0.705230712891
0.705291748047
0.705368041992
0.705368041992
0.705429077148
0.707000732422
0.707168579102
0.706817626953
0.70622253418
0.706314086914
0.706115722656
0.709899902344
0.709838867188
0.709701538086
0.709564208984
0.709518432617
0.708969116211
0.70881652832
0.707580566406
0.708511352539
0.709945678711
0.70964050293
0.709732055664
0.709869384766
0.709976196289
0.706726074219
0.7060546875
0.706008911133
0.705917358398
0.706115722656
0.705673217773
0.705444335938
0.705459594727
0.705200195312
0.707641601562
0.70751953125
0.707260131836
0.707412719727
0.707290649414
0.707015991211
0.70881652832
0.707214355469
0.707611083984
0.707412719727
0.707336425781
0.707305908203
0.707290649414
0.70751953125
0.70622253418
0.706405639648
0.708862304688
0.70915222168
0.709106445312
0.709045410156
0.707305908203
0.707443237305
0.706802368164
0.706558227539
0.706588745117
0.70637512207
0.706527709961
0.706481933594
0.706359863281
0.706527709961
0.708450317383
0.708419799805
0.708526611328
0.708572387695
0.708999633789
0.708541870117
0.707138061523
0.707168579102
0.707061767578
0.706924438477
0.700439453125
0.700820922852
0.700836181641
0.700744628906
0.700714111328
0.700866699219
0.700668334961
0.700729370117
0.700805664062
0.700805664062
0.687713623047
0.688095092773
0.688385009766
0.689575195312
0.687927246094
0.672470092773
0.671981811523
0.671630859375
0.671875
0.671859741211
0.673614501953
0.672164916992
0.672103881836
0.672058105469
0.670715332031
0.670211791992
0.669692993164
0.669326782227
0.669296264648
0.669281005859
0.67741394043
0.670959472656
0.670944213867
0.671340942383
0.671829223633
0.671737670898
0.674591064453
0.674499511719
0.674514770508
0.703643798828
0.69856262207
0.698623657227
0.698593139648
0.698684692383
0.698623657227
0.706832885742
0.706939697266
0.70703125
0.70133972168
0.701278686523
0.701049804688
0.702163696289
0.702133178711
0.702133178711
0.697875976562
0.697677612305
0.697723388672
0.697891235352
0.697723388672
0.693878173828
0.69367980957
0.693939208984
0.693206787109
0.693862915039
0.693817138672
0.693954467773
0.693145751953
0.693237304688
0.693267822266
0.67204284668
0.671859741211
0.671798706055
0.671646118164
0.671783447266
0.688079833984
0.6884765625
0.688583374023
0.683578491211
0.683807373047
0.688949584961
0.703811645508
0.704971313477
0.705047607422
0.705108642578
0.700347900391
0.700561523438
0.700729370117
0.70068359375
0.700836181641
0.700927734375
0.701278686523
0.701232910156
0.701095581055
0.700210571289
0.700317382812
0.708206176758
0.709503173828
0.709655761719
0.709625244141
0.709671020508
0.709716796875
0.709716796875
0.709716796875
0.704254150391
0.710922241211
0.710815429688
0.710968017578
0.711029052734
0.710983276367
0.71076965332
0.716690063477
0.716735839844
0.716735839844
0.716690063477
0.716415405273
0.716430664062
0.71630859375
0.716400146484
0.711441040039
0.711334228516
0.70637512207
0.70637512207
0.710906982422
0.706237792969
0.710891723633
0.709457397461
0.710494995117
0.710601806641
0.71061706543
0.710662841797
0.710510253906
0.710479736328
0.711227416992
0.711303710938
0.711181640625
0.7109375
0.71076965332
0.71061706543
0.709869384766
0.709655761719
0.709823608398
0.71028137207
0.710174560547
0.710159301758
0.710235595703
0.710266113281
0.710678100586
0.705810546875
0.710388183594
0.71028137207
0.705032348633
0.705001831055
0.705001831055
0.704956054688
0.704467773438
0.709991455078
0.709396362305
0.709609985352
0.709762573242
0.707473754883
0.707656860352
0.707550048828
0.707611083984
0.707565307617
0.707656860352
0.707595825195
0.707656860352
0.707412719727
0.697967529297
0.697814941406
0.697692871094
0.696136474609
0.696395874023
0.704971313477
0.705230712891
0.705047607422
0.705276489258
0.705383300781
0.705688476562
0.705718994141
0.70573425293
0.70573425293
0.705810546875
0.699966430664
0.699768066406
0.700134277344
0.700653076172
0.700531005859
0.700576782227
0.706832885742
0.706726074219
0.706970214844
0.706954956055
0.70703125
0.707061767578
0.70703125
0.706893920898
0.706176757812
0.706130981445
0.70637512207
0.700271606445
0.704940795898
0.705200195312
0.706069946289
0.70458984375
0.705673217773
0.705642700195
0.705657958984
0.705642700195
0.705657958984
0.705673217773
0.70573425293
0.705688476562
0.704345703125
0.704360961914
0.704727172852
0.706695556641
0.706924438477
0.709838867188
0.704528808594
0.704772949219
0.704849243164
0.704925537109
0.704864501953
0.704895019531
0.704895019531
0.704818725586
0.70475769043
0.704635620117
0.704498291016
0.70442199707
0.705169677734
0.703308105469
0.702987670898
0.702850341797
0.702865600586
0.702835083008
0.703094482422
0.70182800293
0.701995849609
0.70182800293
0.701858520508
0.701721191406
0.70133972168
0.701309204102
0.701187133789
0.701095581055
0.70100402832
0.700469970703
0.700302124023
0.700302124023
0.700302124023
0.700271606445
0.700210571289
0.699279785156
0.703994750977
0.7041015625
0.704071044922
0.704116821289
0.704055786133
0.704071044922
0.70231628418
0.703063964844
0.702941894531
0.702896118164
0.702911376953
0.702911376953
0.702865600586
0.703353881836
0.70329284668
0.703369140625
0.703521728516
0.703475952148
0.703582763672
0.703506469727
0.70329284668
0.705123901367
0.705261230469
0.704818725586
0.704849243164
0.699462890625
0.699600219727
0.698684692383
0.69856262207
0.698623657227
0.698699951172
0.698699951172
0.698822021484
0.699035644531
0.698989868164
0.699005126953
0.700775146484
0.700744628906
0.700790405273
0.70100402832
0.700836181641
0.700729370117
0.707336425781
0.707305908203
0.707427978516
0.707458496094
0.707321166992
0.707107543945
0.707168579102
0.707092285156
0.707061767578
0.706726074219
0.706588745117
0.706527709961
0.706771850586
0.707138061523
0.707168579102
0.708953857422
0.707931518555
0.708038330078
0.708023071289
0.708084106445
0.709136962891
0.710388183594
0.710342407227
0.710342407227
0.710998535156
0.711090087891
0.710815429688
0.711013793945
0.710784912109
0.710830688477
0.709442138672
0.709655761719
0.709808349609
0.709854125977
0.709701538086
0.708786010742
0.708831787109
0.708557128906
0.708236694336
0.708343505859
0.708297729492
0.70832824707
0.708374023438
0.708419799805
0.706253051758
0.706176757812
0.706146240234
0.706298828125
0.706085205078
0.706268310547
0.710479736328
0.710891723633
0.710876464844
0.714447021484
0.713394165039
0.714004516602
0.714065551758
0.714492797852
0.714324951172
0.707885742188
0.707931518555
0.707931518555
0.707763671875
0.707641601562
0.707809448242
0.710586547852
0.710479736328
0.710662841797
0.710601806641
0.707412719727
0.707489013672
0.70751953125
0.707656860352
0.707611083984
0.707733154297
0.708236694336
0.708221435547
0.708282470703
0.708267211914
0.707061767578
0.707153320312
0.707000732422
0.707061767578
0.706573486328
0.709609985352
0.709716796875
0.709716796875
0.709716796875
0.709838867188
0.710662841797
0.710739135742
0.710144042969
0.7099609375
0.709136962891
0.708938598633
0.708969116211
0.708312988281
0.708190917969
0.707824707031
0.704696655273
0.704513549805
0.704437255859
0.70426940918
0.704147338867
0.704086303711
0.70393371582
0.703903198242
0.703842163086
0.703704833984
0.699081420898
0.698699951172
0.698425292969
0.698196411133
0.700180053711
0.698776245117
0.70002746582
0.700286865234
0.700546264648
0.700408935547
0.700561523438
0.700531005859
0.700531005859
0.700653076172
0.702972412109
0.703002929688
0.701965332031
0.7021484375
0.7021484375
0.702041625977
0.702362060547
0.702484130859
0.702178955078
0.701873779297
0.701995849609
0.702011108398
0.702102661133
0.702072143555
0.702133178711
0.699798583984
0.699493408203
0.699371337891
0.699295043945
0.698852539062
0.698287963867
0.698318481445
0.698257446289
0.698196411133
0.698425292969
0.698394775391
0.698638916016
0.698684692383
0.698593139648
0.705551147461
0.705383300781
0.705261230469
0.705108642578
0.704666137695
0.704711914062
0.702362060547
0.702789306641
0.702484130859
0.702651977539
0.700546264648
0.700973510742
0.701080322266
0.701232910156
0.701202392578
0.701126098633
0.699722290039
0.700103759766
0.699951171875
0.69889831543
0.698913574219
0.698822021484
0.69645690918
0.696395874023
0.696319580078
0.696197509766
0.696472167969
0.696685791016
0.696899414062
0.696685791016
0.696441650391
0.696411132812
0.696380615234
0.696334838867
0.696334838867
0.696380615234
0.692047119141
0.69221496582
0.692306518555
0.692230224609
0.692337036133
0.687927246094
0.687942504883
0.688125610352
0.687973022461
0.687896728516
0.687713623047
0.687484741211
0.687835693359
0.687789916992
0.688537597656
0.676574707031
0.675201416016
0.675262451172
0.674987792969
0.675018310547
0.680389404297
0.679092407227
0.675048828125
0.674514770508
0.674438476562
0.674240112305
0.67414855957
0.674163818359
0.67399597168
0.670349121094
0.668930053711
0.666580200195
0.666366577148
0.665542602539
0.665191650391
0.670669555664
0.672149658203
0.672592163086
0.67333984375
0.673721313477
0.673675537109
0.673690795898
0.673950195312
0.673980712891
0.674057006836
0.698028564453
0.698013305664
0.697814941406
0.695953369141
0.703964233398
0.703796386719
0.703567504883
0.703155517578
0.702865600586
0.702728271484
0.702529907227
0.702545166016
0.702514648438
0.702423095703
0.702377319336
0.702667236328
0.706329345703
0.706008911133
0.70263671875
0.691360473633
0.691040039062
0.691879272461
0.690994262695
0.691101074219
0.690307617188
0.691864013672
0.691864013672
0.691650390625
0.691558837891
0.691482543945
0.692520141602
0.694351196289
0.694519042969
0.696151733398
0.690856933594
0.690490722656
0.685180664062
0.684661865234
0.685180664062
0.685607910156
0.667709350586
0.667831420898
0.667190551758
0.672424316406
0.667205810547
0.667175292969
0.666366577148
0.666488647461
0.635360717773
0.635604858398
0.636276245117
0.631698608398
0.631271362305
0.633697509766
0.64274597168
0.642333984375
0.638534545898
0.637222290039
0.639938354492
0.639236450195
0.638671875
0.637252807617
0.640274047852
0.639678955078
0.638854980469
0.637924194336
0.637634277344
0.626037597656
0.6484375
0.646362304688
0.645568847656
0.645111083984
0.64533996582
0.64501953125
0.644378662109
0.644378662109
0.644104003906
0.661285400391
0.660827636719
0.665512084961
0.665435791016
0.664840698242
0.664672851562
0.630950927734
0.630584716797
0.630218505859
0.629547119141
0.630386352539
0.630035400391
0.629577636719
0.629531860352
0.636657714844
0.661590576172
0.663269042969
0.657669067383
0.658248901367
0.658843994141
0.659103393555
0.661193847656
0.660781860352
0.66064453125
0.660491943359
0.660461425781
0.633560180664
0.633422851562
0.633560180664
0.63215637207
0.631896972656
0.631713867188
0.631637573242
0.631484985352
0.631439208984
0.631546020508
0.649841308594
0.649749755859
0.649719238281
0.649932861328
0.664794921875
0.665023803711
0.663925170898
0.662994384766
0.665771484375
0.666015625
0.66667175293
0.662719726562
0.668273925781
0.663146972656
0.627288818359
0.626892089844
0.625183105469
0.625228881836
0.625015258789
0.624435424805
0.648818969727
0.648635864258
0.648544311523
0.64811706543
0.64794921875
0.650909423828
0.650680541992
0.651077270508
0.650085449219
0.650192260742
0.650909423828
0.646545410156
0.646423339844
0.646759033203
0.657592773438
0.657669067383
0.657760620117
0.658248901367
0.652679443359
0.652755737305
0.652603149414
0.652847290039
0.652923583984
0.648345947266
0.647979736328
0.647567749023
0.647125244141
0.647796630859
0.647613525391
0.615600585938
0.615173339844
0.623001098633
0.622283935547
0.620223999023
0.619857788086
0.619583129883
0.620193481445
0.620315551758
0.598831176758
0.592132568359
0.592178344727
0.59196472168
0.592056274414
0.602661132812
0.610382080078
0.601852416992
0.610076904297
0.610198974609
0.608444213867
0.635055541992
0.634307861328
0.630477905273
0.630462646484
0.629867553711
0.629974365234
0.623931884766
0.623977661133
0.630310058594
0.624176025391
0.612762451172
0.612106323242
0.612091064453
0.611480712891
0.611877441406
0.612075805664
0.611801147461
0.608459472656
0.608276367188
0.607727050781
0.60791015625
0.607482910156
0.607208251953
0.606781005859
0.582061767578
0.581405639648
0.580673217773
0.579879760742
0.579513549805
0.582931518555
0.617660522461
0.617446899414
0.617462158203
0.617340087891
0.622665405273
0.622512817383
0.617599487305
0.617874145508
0.622711181641
0.642486572266
0.64225769043
0.641952514648
0.642379760742
0.64274597168
0.644683837891
0.62614440918
0.626159667969
0.625885009766
0.62565612793
0.625503540039
0.625061035156
0.624725341797
0.624786376953
0.636535644531
0.636077880859
0.635589599609
0.63508605957
0.634628295898
0.634490966797
0.659744262695
0.655258178711
0.654998779297
0.658966064453
0.658767700195
0.659255981445
0.659194946289
0.659301757812
0.654159545898
0.659286499023
0.656524658203
0.656326293945
0.656097412109
0.644897460938
0.646331787109
0.646133422852
0.646011352539
0.645401000977
0.645248413086
0.645416259766
0.634765625
0.63427734375
0.635772705078
0.635620117188
0.6318359375
0.631454467773
0.637176513672
0.637176513672
0.636764526367
0.636306762695
0.608489990234
0.609512329102
0.609283447266
0.610733032227
0.610275268555
0.622421264648
0.622253417969
0.621643066406
0.621185302734
0.620712280273
0.620666503906
0.620483398438
0.620178222656
0.620223999023
0.63151550293
0.631454467773
0.631164550781
0.631301879883
0.631973266602
0.631484985352
0.621246337891
0.621215820312
0.620483398438
0.620178222656
0.620208740234
0.619750976562
0.612579345703
0.612594604492
0.612564086914
0.621246337891
0.623046875
0.623138427734
0.623153686523
0.623077392578
0.62451171875
0.616348266602
0.618988037109
0.619033813477
0.618942260742
0.619125366211
0.618499755859
0.61833190918
0.618377685547
0.624099731445
0.62434387207
0.625137329102
0.624526977539
0.622711181641
0.622756958008
0.627258300781
0.627502441406
0.627532958984
0.628005981445
0.628112792969
0.627883911133
0.6279296875
0.628036499023
0.627990722656
0.628646850586
0.616683959961
0.618072509766
0.617828369141
0.619430541992
0.619293212891
0.628341674805
0.628433227539
0.628372192383
0.628936767578
0.629241943359
0.629348754883
0.622299194336
0.621795654297
0.621643066406
0.613952636719
0.613967895508
0.621322631836
0.621826171875
0.615295410156
0.621826171875
0.643585205078
0.643600463867
0.643478393555
0.643447875977
0.643432617188
0.655899047852
0.660842895508
0.655838012695
0.655319213867
0.655334472656
0.661178588867
0.663269042969
0.663284301758
0.663314819336
0.663269042969
0.668670654297
0.668487548828
0.668334960938
0.668472290039
0.668304443359
0.668426513672
0.671585083008
0.671417236328
0.671310424805
0.666091918945
0.671630859375
0.672485351562
0.672500610352
0.672454833984
0.664566040039
0.664398193359
0.663864135742
0.664047241211
0.663055419922
0.660598754883
0.654769897461
0.654220581055
0.65397644043
0.657318115234
0.657180786133
0.656631469727
0.655670166016
0.65559387207
0.673934936523
0.673767089844
0.673919677734
0.673934936523
0.673919677734
0.672897338867
0.686584472656
0.687637329102
0.6875
0.685852050781
0.686050415039
0.686004638672
0.686782836914
0.687774658203
0.688980102539
0.688903808594
0.699630737305
0.699783325195
0.700057983398
0.700241088867
0.7001953125
0.694030761719
0.693496704102
0.693756103516
0.693588256836
0.693801879883
0.693618774414
0.696472167969
0.694885253906
0.694900512695
0.694808959961
0.69482421875
0.694732666016
0.694763183594
0.694625854492
0.694610595703
0.693115234375
0.693344116211
0.69352722168
0.693252563477
0.693237304688
0.70051574707
0.695495605469
0.701126098633
0.701141357422
0.701293945312
0.700988769531
0.700119018555
0.70002746582
0.699447631836
0.699417114258
0.696884155273
0.696548461914
0.696548461914
0.696090698242
0.695861816406
0.695907592773
0.692764282227
0.691680908203
0.689865112305
0.689819335938
0.689910888672
0.689804077148
0.690185546875
0.690048217773
0.690872192383
0.686187744141
0.690826416016
0.685516357422
0.690643310547
0.695770263672
0.695617675781
0.695358276367
0.695755004883
0.695648193359
0.695571899414
0.695404052734
0.695388793945
0.695297241211
0.695159912109
0.696228027344
0.696136474609
0.696426391602
0.696472167969
0.696395874023
0.696594238281
0.708862304688
0.709060668945
0.711486816406
0.706848144531
0.706909179688
0.706893920898
0.706893920898
0.706817626953
0.706878662109
0.709335327148
0.709823608398
0.708282470703
0.70832824707
0.708221435547
0.715255737305
0.715301513672
0.715698242188
0.712875366211
0.712921142578
0.712936401367
0.713088989258
0.713012695312
0.712905883789
0.712997436523
0.712783813477
0.713012695312
0.713012695312
0.712966918945
0.712921142578
0.712829589844
0.714385986328
0.714584350586
0.714141845703
0.714614868164
0.715316772461
0.715423583984
0.715362548828
0.715347290039
0.715225219727
0.715133666992
0.714889526367
0.714828491211
0.714614868164
0.714553833008
0.71565246582
0.715667724609
0.715637207031
0.715545654297
0.715713500977
0.715744018555
0.717041015625
0.717102050781
0.715515136719
0.715347290039
0.715469360352
0.715087890625
0.714981079102
0.714782714844
0.714050292969
0.713851928711
0.713623046875
0.713317871094
0.709518432617
0.709503173828
0.710327148438
0.710220336914
0.710266113281
0.709991455078
0.709930419922
0.709930419922
0.709854125977
0.709518432617
0.714874267578
0.714706420898
0.699081420898
0.69905090332
0.698440551758
0.698272705078
0.698272705078
0.695068359375
0.694198608398
0.694091796875
0.693481445312
0.697708129883
0.697021484375
0.696243286133
0.695846557617
0.695648193359
0.703948974609
0.699661254883
0.699645996094
0.702072143555
0.701858520508
0.703262329102
0.702926635742
0.703125
0.703140258789
0.703063964844
0.702896118164
0.703109741211
0.703323364258
0.703582763672
0.703567504883
0.704788208008
0.704925537109
0.705764770508
0.70556640625
0.705551147461
0.706420898438
0.706527709961
0.706512451172
0.70622253418
0.70637512207
0.70637512207
0.706405639648
0.706436157227
0.706436157227
0.706192016602
0.7060546875
0.706161499023
0.7060546875
0.706115722656
0.705001831055
0.705963134766
0.705764770508
0.705764770508
0.705764770508
0.705795288086
0.705627441406
0.705688476562
0.705978393555
0.706085205078
0.709564208984
0.709625244141
0.709548950195
0.709197998047
0.711471557617
0.713088989258
0.712890625
0.712768554688
0.712799072266
0.712738037109
0.712799072266
0.712814331055
0.712783813477
0.706039428711
0.705856323242
0.705963134766
0.705764770508
0.705612182617
0.705505371094
0.705505371094
0.709350585938
0.709533691406
0.709457397461
0.709533691406
0.709396362305
0.70947265625
0.709259033203
0.709228515625
0.708221435547
0.713272094727
0.712066650391
0.712020874023
0.7119140625
0.701568603516
0.701156616211
0.699905395508
0.699844360352
0.699523925781
0.699569702148
0.699722290039
0.699722290039
0.699600219727
0.699676513672
0.701522827148
0.701065063477
0.701232910156
0.701110839844
0.701263427734
0.701217651367
0.694854736328
0.694961547852
0.69499206543
0.694747924805
0.694717407227
0.694702148438
0.694641113281
0.690200805664
0.695816040039
0.702560424805
0.696578979492
0.696594238281
0.696655273438
0.703643798828
0.703857421875
0.697952270508
0.702331542969
0.702438354492
0.70263671875
0.70231628418
0.689300537109
0.691955566406
0.691650390625
0.692153930664
0.692321777344
0.691604614258
0.691802978516
0.691818237305
0.692138671875
0.692169189453
0.692047119141
0.691024780273
0.685455322266
0.684753417969
0.684326171875
0.684234619141
0.684356689453
0.693298339844
0.692993164062
0.692779541016
0.692611694336
0.689376831055
0.689270019531
0.689468383789
0.689407348633
0.689331054688
0.694351196289
0.68717956543
0.687271118164
0.687088012695
0.687088012695
0.683837890625
0.683868408203
0.683853149414
0.683883666992
0.683807373047
0.68408203125
0.684234619141
0.684387207031
0.684310913086
0.684265136719
0.689712524414
0.689682006836
0.689163208008
0.689178466797
0.68928527832
0.692276000977
0.692687988281
0.692672729492
0.692932128906
0.692901611328
0.692459106445
0.692504882812
0.692596435547
0.692535400391
0.691543579102
0.690612792969
0.690704345703
0.696060180664
0.696304321289
0.694427490234
0.694473266602
0.694534301758
0.694732666016
0.694686889648
0.694778442383
0.694778442383
0.694671630859
0.693817138672
0.693801879883
0.689910888672
0.688552856445
0.688690185547
0.688781738281
0.688812255859
0.688751220703
0.69856262207
0.69319152832
0.693374633789
0.693405151367
0.693435668945
0.693267822266
0.693237304688
0.693161010742
0.697540283203
0.697128295898
0.696319580078
0.695877075195
0.695846557617
0.683609008789
0.683151245117
0.682739257812
0.682189941406
0.683364868164
0.683242797852
0.682739257812
0.682556152344
0.682464599609
0.682540893555
0.691528320312
0.690658569336
0.685165405273
0.690078735352
0.684463500977
0.684158325195
0.687896728516
0.682800292969
0.683029174805
0.682922363281
0.682907104492
0.683090209961
0.682968139648
0.682876586914
0.685852050781
0.690216064453
0.690414428711
0.689895629883
0.690414428711
0.691650390625
0.691467285156
0.685836791992
0.685958862305
0.6865234375
0.686599731445
0.686630249023
0.68701171875
0.687118530273
0.678573608398
0.678039550781
0.677688598633
0.676666259766
0.679214477539
0.68212890625
0.682083129883
0.678512573242
0.678298950195
0.67822265625
0.681945800781
0.69367980957
0.694305419922
0.69450378418
0.694580078125
0.694610595703
0.694641113281
0.689971923828
0.690139770508
0.691696166992
0.691787719727
0.69953918457
0.699661254883
0.700134277344
0.700408935547
0.700332641602
0.684677124023
0.684631347656
0.683944702148
0.68376159668
0.683807373047
0.68391418457
0.683670043945
0.683944702148
0.683990478516
0.6943359375
0.694549560547
0.695022583008
0.695297241211
0.695877075195
0.696350097656
0.687454223633
0.687881469727
0.688720703125
0.688995361328
0.689224243164
0.689987182617
0.690307617188
0.690414428711
0.691909790039
0.688262939453
0.688446044922
0.693984985352
0.693588256836
0.693572998047
0.693450927734
0.713790893555
0.713653564453
0.713638305664
0.71369934082
0.713287353516
0.713592529297
0.713439941406
0.714599609375
0.691329956055
0.691253662109
0.691070556641
0.69091796875
0.69091796875
0.690734863281
0.691024780273
0.690399169922
0.690124511719
0.689422607422
0.688949584961
0.688690185547
0.688827514648
0.68505859375
0.686264038086
0.687393188477
0.692672729492
0.692626953125
0.692947387695
0.692352294922
0.701416015625
0.69889831543
0.701324462891
0.701278686523
0.701248168945
0.701034545898
0.703338623047
0.704833984375
0.70458984375
0.703918457031
0.703857421875
0.704025268555
0.704772949219
0.704925537109
0.704772949219
0.705093383789
0.704803466797
0.704879760742
0.704742431641
0.704559326172
0.704681396484
0.70458984375
0.704208374023
0.703994750977
0.70378112793
0.703735351562
0.703796386719
0.703720092773
0.703689575195
0.717575073242
0.717544555664
0.717422485352
0.717514038086
0.717727661133
0.717727661133
0.719619750977
0.719284057617
0.718902587891
0.718841552734
0.718719482422
0.716491699219
0.716400146484
0.716369628906
0.716445922852
0.724655151367
0.724945068359
0.725189208984
0.724975585938
0.725051879883
0.724685668945
0.72412109375
0.72395324707
0.723770141602
0.723770141602
0.723968505859
0.723770141602
0.723602294922
0.7236328125
0.72346496582
0.723587036133
0.723449707031
0.719436645508
0.719528198242
0.71923828125
0.718658447266
0.718353271484
0.718170166016
0.717956542969
0.717636108398
0.718139648438
0.718231201172
0.71891784668
0.718811035156
0.718811035156
0.719024658203
0.719100952148
0.718643188477
0.718643188477
0.718566894531
0.717193603516
0.717330932617
0.71711730957
0.716720581055
0.716796875
0.716659545898
0.718795776367
0.718994140625
0.718856811523
0.718627929688
0.718673706055
0.718505859375
0.718505859375
0.718383789062
0.71826171875
0.717468261719
0.716873168945
0.716430664062
0.715850830078
0.715927124023
0.716522216797
0.714584350586
0.714706420898
0.714935302734
0.714874267578
0.714874267578
0.71484375
0.714935302734
0.714859008789
0.714874267578
0.72038269043
0.720123291016
0.720336914062
0.720474243164
0.720321655273
0.720260620117
0.721221923828
0.721252441406
0.721130371094
0.721328735352
0.721298217773
0.721145629883
0.72119140625
0.721084594727
0.719985961914
0.719833374023
0.7197265625
0.723556518555
0.723159790039
0.723205566406
0.719741821289
0.719924926758
0.719879150391
0.719818115234
0.719696044922
0.719879150391
0.719924926758
0.719833374023
0.719863891602
0.719848632812
0.706314086914
0.705764770508
0.705581665039
0.70556640625
0.703918457031
0.703231811523
0.704650878906
0.704345703125
0.704284667969
0.702651977539
0.703704833984
0.703643798828
0.703582763672
0.703460693359
0.700424194336
0.70051574707
0.700607299805
0.700561523438
0.70051574707
0.70964050293
0.709625244141
0.709182739258
0.709671020508
0.709503173828
0.709762573242
0.702911376953
0.702651977539
0.702651977539
0.70280456543
0.702682495117
0.702621459961
0.702682495117
0.702545166016
0.702423095703
0.708526611328
0.708755493164
0.709411621094
0.709625244141
0.70947265625
0.710662841797
0.710968017578
0.710739135742
0.710968017578
0.710998535156
0.71110534668
0.711196899414
0.711471557617
0.711380004883
0.711318969727
0.708526611328
0.708557128906
0.703094482422
0.703125
0.703109741211
0.703033447266
0.705383300781
0.705169677734
0.705123901367
0.705078125
0.704864501953
0.705078125
0.704299926758
0.704376220703
0.706466674805
0.706283569336
0.706085205078
0.706741333008
0.706573486328
0.706359863281
0.716873168945
0.717193603516
0.717239379883
0.71728515625
0.717346191406
0.717559814453
0.717330932617
0.717590332031
0.717437744141
0.718048095703
0.718154907227
0.716171264648
0.716003417969
0.719451904297
0.715698242188
0.720962524414
0.720764160156
0.716293334961
0.71598815918
0.715789794922
0.715560913086
0.715484619141
0.715225219727
0.715667724609
0.72770690918
0.727752685547
0.727600097656
0.727645874023
0.727935791016
0.724151611328
0.728332519531
0.724563598633
0.728042602539
0.72412109375
0.724151611328
0.726028442383
0.720626831055
0.724884033203
0.724548339844
0.724365234375
0.724197387695
0.723892211914
0.719528198242
0.719650268555
0.719589233398
0.727737426758
0.728210449219
0.728042602539
0.728012084961
0.728927612305
0.729034423828
0.72883605957
0.728591918945
0.729125976562
0.724914550781
0.724761962891
0.724655151367
0.725082397461
0.726776123047
0.726837158203
0.726501464844
0.726303100586
0.726364135742
0.726486206055
0.727340698242
0.729019165039
0.724807739258
0.724914550781
0.728103637695
0.727386474609
0.723342895508
0.723159790039
0.722549438477
0.722015380859
0.718811035156
0.718399047852
0.717971801758
0.717666625977
0.721008300781
0.719375610352
0.718902587891
0.718460083008
0.718536376953
0.718292236328
0.716903686523
0.716781616211
0.716567993164
0.715881347656
0.719085693359
0.719024658203
0.719207763672
0.719146728516
0.719207763672
0.719192504883
0.718765258789
0.718765258789
0.719085693359
0.719177246094
0.719390869141
0.719772338867
0.719329833984
0.719909667969
0.718200683594
0.713119506836
0.712783813477
0.712585449219
0.712692260742
0.712509155273
0.717163085938
0.717224121094
0.716949462891
0.716781616211
0.716903686523
0.717086791992
0.714614868164
0.714569091797
0.714736938477
0.711242675781
0.711364746094
0.711578369141
0.711547851562
0.711547851562
0.711532592773
0.711502075195
0.716339111328
0.716369628906
0.716003417969
0.715698242188
0.711349487305
0.707397460938
0.707138061523
0.706832885742
0.706588745117
0.707183837891
0.707061767578
0.707077026367
0.707015991211
0.70703125
0.712631225586
0.712493896484
0.712463378906
0.712432861328
0.712341308594
0.712158203125
0.718673706055
0.718353271484
0.718566894531
0.718841552734
0.718872070312
0.719009399414
0.719085693359
0.718994140625
0.718856811523
0.718353271484
0.71794128418
0.717742919922
0.717712402344
0.717758178711
0.717620849609
0.717041015625
0.717346191406
0.716949462891
0.716094970703
0.715591430664
0.716186523438
0.716079711914
0.716064453125
0.717254638672
0.716781616211
0.714538574219
0.714279174805
0.714096069336
0.714080810547
0.713073730469
0.712005615234
0.710372924805
0.707778930664
0.709991455078
0.710083007812
0.710037231445
0.710006713867
0.710144042969
0.710144042969
0.718963623047
0.720916748047
0.717483520508
0.722213745117
0.715637207031
0.715606689453
0.715728759766
0.715270996094
0.715270996094
0.716033935547
0.715682983398
0.715576171875
0.715667724609
0.7158203125
0.715637207031
0.715911865234
0.716079711914
0.715866088867
0.715805053711
0.715713500977
0.715393066406
0.715087890625
0.71484375
0.715316772461
0.715774536133
0.711242675781
0.711120605469
0.710708618164
0.711395263672
0.71110534668
0.71110534668
0.711181640625
0.711288452148
0.711303710938
0.715270996094
0.71305847168
0.712890625
0.712661743164
0.712753295898
0.717651367188
0.725158691406
0.725036621094
0.725204467773
0.72492980957
0.721267700195
0.721145629883
0.721099853516
0.721176147461
0.723220825195
0.723785400391
0.723342895508
0.723373413086
0.723617553711
0.723480224609
0.724853515625
0.726318359375
0.726165771484
0.726165771484
0.726104736328
0.726104736328
0.727279663086
0.726943969727
0.727233886719
0.727188110352
0.731063842773
0.726654052734
0.726577758789
0.726715087891
0.726776123047
0.729827880859
0.730117797852
0.729965209961
0.72541809082
0.729736328125
0.729797363281
0.729736328125
0.729827880859
0.729797363281
0.729721069336
0.722869873047
0.722579956055
0.722518920898
0.722564697266
0.72265625
0.718948364258
0.718887329102
0.718719482422
0.718597412109
0.718627929688
0.718551635742
0.709182739258
0.709259033203
0.709426879883
0.709014892578
0.713104248047
0.712982177734
0.708862304688
0.708770751953
0.688201904297
0.692169189453
0.692123413086
0.692138671875
0.692092895508
0.692047119141
0.666595458984
0.666137695312
0.665618896484
0.667617797852
0.667251586914
0.667297363281
0.666641235352
0.666442871094
0.666168212891
0.66552734375
0.694564819336
0.69482421875
0.695007324219
0.695236206055
0.695449829102
0.695693969727
0.684112548828
0.683380126953
0.682495117188
0.68180847168
0.681243896484
0.680969238281
0.68083190918
0.680404663086
0.701721191406
0.706039428711
0.700668334961
0.700912475586
0.703353881836
0.703384399414
0.715576171875
0.715667724609
0.715835571289
0.715637207031
0.715515136719
0.715270996094
0.715103149414
0.715270996094
0.717239379883
0.716445922852
0.712417602539
0.71223449707
0.712249755859
0.716934204102
0.715240478516
0.712432861328
0.712249755859
0.712142944336
0.711975097656
0.712020874023
0.711944580078
0.711898803711
0.711776733398
0.71125793457
0.712768554688
0.715225219727
0.715148925781
0.715026855469
0.714614868164
0.729431152344
0.729064941406
0.72900390625
0.728744506836
0.728652954102
0.728698730469
0.729873657227
0.729705810547
0.724899291992
0.724624633789
0.727508544922
0.725112915039
0.725158691406
0.72509765625
0.725173950195
0.722473144531
0.722259521484
0.722366333008
0.722274780273
0.724761962891
0.720809936523
0.724304199219
0.724304199219
0.724411010742
0.724365234375
0.724197387695
0.722290039062
0.722015380859
0.721893310547
0.721740722656
0.715545654297
0.71565246582
0.715545654297
0.715423583984
0.715240478516
0.714920043945
0.724029541016
0.724182128906
0.724334716797
0.724060058594
0.724380493164
0.723846435547
0.723983764648
0.723907470703
0.702102661133
0.702362060547
0.702041625977
0.701934814453
0.70149230957
0.701217651367
0.682983398438
0.682739257812
0.681838989258
0.681655883789
0.681213378906
0.681350708008
0.680191040039
0.680419921875
0.680221557617
0.692367553711
0.692169189453
0.691268920898
0.690719604492
0.690338134766
0.690200805664
0.670593261719
0.66975402832
0.669769287109
0.669143676758
0.668869018555
0.668655395508
0.669677734375
0.669586181641
0.669631958008
0.647079467773
0.647308349609
0.647537231445
0.647308349609
0.64729309082
0.652236938477
0.652008056641
0.65202331543
0.651657104492
0.65168762207
0.651702880859
0.66731262207
0.668792724609
0.668655395508
0.669021606445
0.669204711914
0.669021606445
0.669204711914
0.669204711914
0.669235229492
0.669281005859
0.682357788086
0.682861328125
0.682754516602
0.68293762207
0.684310913086
0.683380126953
0.685455322266
0.685180664062
0.67985534668
0.683807373047
0.683670043945
0.679138183594
0.678939819336
0.67887878418
0.697341918945
0.697128295898
0.692642211914
0.692413330078
0.692504882812
0.692291259766
0.67626953125
0.677795410156
0.677368164062
0.677185058594
0.67529296875
0.675170898438
0.675186157227
0.675094604492
0.673812866211
0.673446655273
0.674392700195
0.673385620117
0.678329467773
0.67822265625
0.668975830078
0.668792724609
0.66748046875
0.671844482422
0.67138671875
0.671142578125
0.670761108398
0.670867919922
0.6708984375
0.681381225586
0.677108764648
0.679077148438
0.679702758789
0.67985534668
0.679992675781
0.676040649414
0.676132202148
0.676055908203
0.671905517578
0.671432495117
0.676132202148
0.67626953125
0.676162719727
0.676071166992
0.68017578125
0.680328369141
0.680236816406
0.680114746094
0.684753417969
0.666259765625
0.665130615234
0.664001464844
0.665725708008
0.66520690918
0.665008544922
0.687713623047
0.68766784668
0.687576293945
0.683547973633
0.681427001953
0.681854248047
0.682281494141
0.682250976562
0.684906005859
0.68505859375
0.699783325195
0.699844360352
0.70036315918
0.700500488281
0.700531005859
0.711273193359
0.711135864258
0.710845947266
0.710754394531
0.710830688477
0.710723876953
0.711624145508
0.711517333984
0.71159362793
0.706436157227
0.706390380859
0.706192016602
0.706787109375
0.706909179688
0.707168579102
0.704238891602
0.704666137695
0.704513549805
0.704467773438
0.704254150391
0.704284667969
0.704208374023
0.70393371582
0.703750610352
0.714553833008
0.71565246582
0.715377807617
0.714309692383
0.714385986328
0.714065551758
0.719451904297
0.720062255859
0.720306396484
0.718948364258
0.718948364258
0.71891784668
0.718902587891
0.718856811523
0.721145629883
0.72119140625
0.721145629883
0.721252441406
0.719802856445
0.719711303711
0.720367431641
0.720153808594
0.720275878906
0.720108032227
0.720077514648
0.719970703125
0.720062255859
0.720001220703
0.723297119141
0.723190307617
0.723937988281
0.720962524414
0.721069335938
0.721069335938
0.722244262695
0.722290039062
0.722229003906
0.722045898438
0.722244262695
0.722503662109
0.717254638672
0.717239379883
0.717132568359
0.716949462891
0.717041015625
0.716766357422
0.716751098633
0.716613769531
0.716796875
0.716766357422
0.717315673828
0.717224121094
0.717178344727
0.717163085938
0.717315673828
0.721832275391
0.721603393555
0.721176147461
0.721008300781
0.720794677734
0.720809936523
0.720947265625
0.720504760742
0.721130371094
0.709213256836
0.713897705078
0.708648681641
0.71369934082
0.713317871094
0.713043212891
0.71598815918
0.715850830078
0.715728759766
0.715774536133
0.715789794922
0.715667724609
0.714431762695
0.712509155273
0.715744018555
0.715072631836
0.715225219727
0.715621948242
0.714462280273
0.716232299805
0.716598510742
0.717102050781
0.713623046875
0.713500976562
0.716262817383
0.716400146484
0.716354370117
0.716339111328
0.716354370117
0.719192504883
0.719436645508
0.719589233398
0.720108032227
0.720275878906
0.72053527832
0.716201782227
0.716415405273
0.716461181641
0.71662902832
0.716415405273
0.71662902832
0.716522216797
0.716583251953
0.716613769531
0.717071533203
0.722473144531
0.722625732422
0.72233581543
0.722091674805
0.722076416016
0.72314453125
0.723449707031
0.723526000977
0.723266601562
0.723342895508
0.723388671875
0.723281860352
0.723403930664
0.723434448242
0.722732543945
0.722885131836
0.722793579102
0.722930908203
0.722961425781
0.69548034668
0.695175170898
0.694900512695
0.694869995117
0.694869995117
0.6943359375
0.688934326172
0.688079833984
0.687713623047
0.687057495117
0.692718505859
0.692825317383
0.692932128906
0.692916870117
0.692779541016
0.692764282227
0.708511352539
0.708892822266
0.709014892578
0.708923339844
0.715225219727
0.716049194336
0.714721679688
0.715179443359
0.715362548828
0.715698242188
0.715835571289
0.716110229492
0.715957641602
0.716018676758
0.693222045898
0.691101074219
0.691497802734
0.691497802734
0.691467285156
0.691452026367
0.6953125
0.691345214844
0.691467285156
0.691467285156
0.695953369141
0.690780639648
0.695892333984
0.690948486328
0.709350585938
0.708969116211
0.709136962891
0.709091186523
0.709243774414
0.714920043945
0.715103149414
0.71516418457
0.715362548828
0.715179443359
0.715103149414
0.718368530273
0.718444824219
0.718414306641
0.718338012695
0.720855712891
0.720520019531
0.720764160156
0.720703125
0.720672607422
0.720703125
0.72477722168
0.722045898438
0.724533081055
0.724594116211
0.724655151367
0.728149414062
0.723541259766
0.723449707031
0.723358154297
0.729095458984
0.724731445312
0.724349975586
0.72444152832
0.729797363281
0.729736328125
0.729736328125
0.729705810547
0.72981262207
0.727447509766
0.727172851562
0.728042602539
0.728073120117
0.728088378906
0.7294921875
0.729476928711
0.729217529297
0.729187011719
0.729141235352
0.729278564453
0.729354858398
0.729370117188
0.729125976562
0.729202270508
0.729187011719
0.729110717773
0.728698730469
0.72868347168
0.72932434082
0.729080200195
0.729095458984
0.728958129883
0.728591918945
0.72785949707
0.727920532227
0.727508544922
0.727386474609
0.727432250977
0.72737121582
0.727188110352
0.72688293457
0.72917175293
0.729187011719
0.729400634766
0.729629516602
0.729614257812
0.72966003418
0.729141235352
0.728149414062
0.728622436523
0.729095458984
0.729232788086
0.729248046875
0.729476928711
0.729446411133
0.72966003418
0.731033325195
0.73176574707
0.73193359375
0.731369018555
0.73127746582
0.731155395508
0.729873657227
0.729736328125
0.729934692383
0.729629516602
0.729614257812
0.729553222656
0.729522705078
0.729598999023
0.7294921875
0.72932434082
0.729461669922
0.729339599609
0.729232788086
0.729202270508
0.724792480469
0.724395751953
0.724304199219
0.723937988281
0.724166870117
0.723556518555
0.723663330078
0.723648071289
0.723602294922
0.723678588867
0.725891113281
0.725723266602
0.725601196289
0.725708007812
0.7255859375
0.703826904297
0.703308105469
0.706756591797
0.706451416016
0.706268310547
0.706146240234
0.706146240234
0.706130981445
0.706100463867
0.708038330078
0.709381103516
0.709442138672
0.709548950195
0.709609985352
0.705841064453
0.705718994141
0.702545166016
0.702423095703
0.702789306641
0.70686340332
0.706924438477
0.707382202148
0.707366943359
0.707305908203
0.708343505859
0.707870483398
0.707824707031
0.707580566406
0.706939697266
0.706954956055
0.70703125
0.706909179688
0.706832885742
0.707015991211
0.706954956055
0.707168579102
0.707107543945
0.707168579102
0.702575683594
0.702621459961
0.700485229492
0.700576782227
0.700454711914
0.704528808594
0.704467773438
0.704635620117
0.704956054688
0.701400756836
0.700958251953
0.701248168945
0.704803466797
0.700500488281
0.689224243164
0.689117431641
0.689270019531
0.690124511719
0.691970825195
0.708038330078
0.702606201172
0.701690673828
0.705413818359
0.705551147461
0.705490112305
0.705505371094
0.705520629883
0.705230712891
0.705291748047
0.719924926758
0.719879150391
0.720092773438
0.718063354492
0.717834472656
0.717193603516
0.715896606445
0.715789794922
0.715545654297
0.714553833008
0.713714599609
0.713256835938
0.713180541992
0.711853027344
0.710311889648
0.710235595703
0.712707519531
0.71028137207
0.710800170898
0.711364746094
0.711242675781
0.711196899414
0.711181640625
0.711166381836
0.711074829102
0.711547851562
0.711486816406
0.711456298828
0.711441040039
0.711074829102
0.710800170898
0.710693359375
0.710632324219
0.70979309082
0.710083007812
0.710083007812
0.709671020508
0.709716796875
0.709777832031
0.709579467773
0.709854125977
0.709457397461
0.710891723633
0.714904785156
0.713607788086
0.714477539062
0.714462280273
0.71452331543
0.713241577148
0.713226318359
0.713287353516
0.713150024414
0.712997436523
0.712982177734
0.713043212891
0.714462280273
0.714492797852
0.699737548828
0.699768066406
0.704223632812
0.704116821289
0.704284667969
0.710586547852
0.711380004883
0.710388183594
0.710388183594
0.710296630859
0.710540771484
0.710388183594
0.710357666016
0.710525512695
0.71044921875
0.714416503906
0.714782714844
0.714981079102
0.715225219727
0.715240478516
0.708450317383
0.709365844727
0.709197998047
0.709167480469
0.709060668945
0.709091186523
0.709060668945
0.709030151367
0.709075927734
0.713745117188
0.71321105957
0.713256835938
0.713088989258
0.713104248047
0.729248046875
0.729202270508
0.729827880859
0.729827880859
0.729995727539
0.729995727539
0.730178833008
0.729522705078
0.729644775391
0.729461669922
0.728454589844
0.727783203125
0.727691650391
0.727645874023
0.727249145508
0.727416992188
0.727325439453
0.727828979492
0.727874755859
0.729293823242
0.729278564453
0.729263305664
0.72917175293
0.729263305664
0.728546142578
0.728744506836
0.727615356445
0.728775024414
0.726440429688
0.729782104492
0.728042602539
0.728256225586
0.728286743164
0.728332519531
0.728302001953
0.73030090332
0.730346679688
0.730117797852
0.726058959961
0.729858398438
0.729705810547
0.729705810547
0.729415893555
0.728713989258
0.728729248047
0.728713989258
0.728790283203
0.728439331055
0.728622436523
0.728561401367
0.728546142578
0.728500366211
0.728454589844
0.727920532227
0.72770690918
0.727661132812
0.726455688477
0.726440429688
0.727325439453
0.72737121582
0.727310180664
0.729385375977
0.729629516602
0.729461669922
0.729553222656
0.729553222656
0.729507446289
0.729507446289
0.729370117188
0.729553222656
0.729461669922
0.729476928711
0.732452392578
0.732803344727
0.729690551758
0.729919433594
0.72900390625
0.730102539062
0.730026245117
0.730041503906
0.730041503906
0.730117797852
0.730484008789
0.730575561523
0.730255126953
0.730224609375
0.729537963867
0.729248046875
0.728225708008
0.727905273438
0.728103637695
0.727584838867
0.727569580078
0.727493286133
0.7275390625
0.729553222656
0.728302001953
0.72802734375
0.727905273438
0.727920532227
0.727828979492
0.72819519043
0.728164672852
0.728149414062
0.728118896484
0.728317260742
0.727111816406
0.729232788086
0.729476928711
0.729537963867
0.730117797852
0.730041503906
0.729904174805
0.729995727539
0.730010986328
0.728973388672
0.728790283203
0.726058959961
0.726104736328
0.726318359375
0.727951049805
0.728042602539
0.727691650391
0.727752685547
0.727676391602
0.728118896484
0.72819519043
0.728454589844
0.728485107422
0.728469848633
0.728485107422
0.728469848633
0.728500366211
0.728286743164
0.728576660156
0.728790283203
0.731338500977
0.728500366211
0.728210449219
0.728515625
0.728485107422
0.730453491211
0.730270385742
0.730392456055
0.73078918457
0.730819702148
0.730926513672
0.730941772461
0.730941772461
0.730911254883
0.731094360352
0.730972290039
0.731048583984
0.731475830078
0.731521606445
0.731246948242
0.731552124023
0.730941772461
0.730911254883
0.730514526367
0.730087280273
0.729644775391
0.729400634766
0.729476928711
0.729385375977
0.729461669922
0.729110717773
0.729568481445
0.72998046875
0.730072021484
0.730056762695
0.729919433594
0.72981262207
0.729782104492
0.729766845703
0.729797363281
0.729705810547
0.729721069336
0.72966003418
0.729522705078
0.729446411133
0.728607177734
0.727416992188
0.727493286133
0.727462768555
0.727355957031
0.727310180664
0.729904174805
0.727645874023
0.727676391602
0.727584838867
0.727294921875
0.727401733398
0.727676391602
0.727478027344
0.729049682617
0.72900390625
0.728973388672
0.728958129883
0.728988647461
0.729019165039
0.728988647461
0.729278564453
0.729400634766
0.729537963867
0.729766845703
0.729782104492
0.729827880859
0.729782104492
0.729919433594
0.729995727539
0.728576660156
0.730377197266
0.73046875
0.731094360352
0.731643676758
0.729141235352
0.729080200195
0.731231689453
0.731384277344
0.731262207031
0.730972290039
0.730880737305
0.730880737305
0.730850219727
0.730895996094
0.729736328125
0.730346679688
0.730392456055
0.730499267578
0.730987548828
0.730880737305
0.730850219727
0.731048583984
0.731109619141
0.729934692383
0.729904174805
0.72998046875
0.73014831543
0.730178833008
0.73063659668
0.730667114258
0.729965209961
0.730026245117
0.730117797852
0.728942871094
0.728729248047
0.72834777832
0.728210449219
0.728164672852
0.728225708008
0.728134155273
0.728012084961
0.727981567383
0.72770690918
0.727691650391
0.727661132812
0.728500366211
0.728240966797
0.728607177734
0.72868347168
0.728408813477
0.727645874023
0.727630615234
0.727691650391
0.727752685547
0.727630615234
0.727676391602
0.727630615234
0.722549438477
0.722305297852
0.722564697266
0.722457885742
0.722229003906
0.711517333984
0.711303710938
0.711135864258
0.710830688477
0.710784912109
0.71076965332
0.71061706543
0.710601806641
0.710235595703
0.705261230469
0.705444335938
0.705413818359
0.705459594727
0.70849609375
0.717254638672
0.717407226562
0.717651367188
0.717987060547
0.718002319336
0.717849731445
0.717987060547
0.718078613281
0.718139648438
0.718170166016
0.719497680664
0.719711303711
0.719451904297
0.718994140625
0.717071533203
0.717071533203
0.716644287109
0.716552734375
0.716522216797
0.716339111328
0.716369628906
0.716400146484
0.716201782227
0.716186523438
0.711791992188
0.711700439453
0.711563110352
0.711502075195
0.71142578125
0.705947875977
0.705596923828
0.705764770508
0.705841064453
0.705703735352
0.705688476562
0.705627441406
0.705581665039
0.705474853516
0.703338623047
0.703460693359
0.703628540039
0.703704833984
