0.0327625579834	0.0285404573328
0.033524017334	0.0285404573328
0.0339499206543	0.0285404573328
0.0342244720459	0.0285404573328
0.0203638305664	0.0285404573328
0.0231551971436	0.0285404573328
0.0188275756836	0.0285404573328
0.0186179199219	0.0285404573328
0.0191728210449	0.0285404573328
0.0240672454834	0.0285404573328
0.0277068786621	0.0285404573328
0.0287040863037	0.0285404573328
0.0308219604492	0.0285404573328
0.031528427124	0.0285404573328
0.0334344329834	0.0285404573328
0.036127166748	0.0285404573328
0.0381992645264	0.0285404573328
0.0433543701172	0.0506314735412
0.0477498168945	0.0506314735412
0.051527923584	0.0506314735412
0.0598937835693	0.0506314735412
0.0717225036621	0.107732943837
0.0961924438477	0.107732943837
0.108845397949	0.107732943837
0.11106690979	0.107732943837
0.11538873291	0.107732943837
0.114226303101	0.107732943837
0.111953857422	0.107732943837
0.111529968262	0.107732943837
0.110083221436	0.107732943837
0.105959075928	0.107732943837
0.11285395813	0.107732943837
0.10997114563	0.107732943837
0.111905807495	0.107732943837
0.111886108398	0.107732943837
0.113136672974	0.107732943837
0.115125671387	0.107732943837
0.116932571411	0.107732943837
0.117061843872	0.107732943837
0.117522689819	0.107732943837
0.118781356812	0.107732943837
0.118484191895	0.107732943837
0.118175018311	0.107732943837
0.119441635132	0.107732943837
0.121889053345	0.107732943837
0.119645095825	0.107732943837
0.119401885986	0.107732943837
0.116192169189	0.107732943837
0.115019226074	0.107732943837
0.11351473999	0.107732943837
0.113585098267	0.107732943837
0.112007492065	0.107732943837
0.11491104126	0.107732943837
0.114389328003	0.107732943837
0.112909179687	0.107732943837
0.113639480591	0.107732943837
0.113495864868	0.107732943837
0.113228317261	0.107732943837
0.0971196899414	0.107732943837
0.098977935791	0.107732943837
0.0984237976074	0.107732943837
0.0986494598389	0.107732943837
0.100345321655	0.107732943837
0.10130821228	0.107732943837
0.101023468018	0.107732943837
0.101220046997	0.107732943837
0.101540328979	0.107732943837
0.103259552002	0.107732943837
0.103776077271	0.107732943837
0.104335601807	0.107732943837
0.104714096069	0.107732943837
0.105127929687	0.107732943837
0.106692779541	0.107732943837
0.106254592896	0.107732943837
0.104120666504	0.107732943837
0.102866607666	0.107732943837
0.101608795166	0.107732943837
0.101005462646	0.107732943837
0.100792175293	0.107732943837
0.100444900513	0.107732943837
0.101914932251	0.107732943837
0.10193901062	0.107732943837
0.102641143799	0.107732943837
0.101936721802	0.107732943837
0.101344848633	0.107732943837
0.102721969604	0.107732943837
0.102881484985	0.107732943837
0.102003509521	0.107732943837
0.101835968018	0.107732943837
0.101928833008	0.107732943837
0.107212081909	0.107732943837
0.113687210083	0.107732943837
0.114134613037	0.107732943837
0.113705474854	0.107732943837
0.110366165161	0.107732943837
0.10494670105	0.107732943837
0.104801132202	0.107732943837
0.104464294434	0.107732943837
0.104261810303	0.107732943837
0.104724975586	0.107732943837
0.105089309692	0.107732943837
0.105277175903	0.107732943837
0.104599472046	0.107732943837
0.0738763580322	0.0632602375377
0.0527514343262	0.0632602375377
0.0462849121094	0.0632602375377
0.0391434173584	0.0632602375377
0.0340938110352	0.0632602375377
0.0290948791504	0.0632602375377
0.02596434021	0.0632602375377
0.0240817871094	0.0632602375377
0.0210173950195	0.0632602375377
0.0192605133057	0.0632602375377
0.0331730957031	0.0632602375377
0.031963684082	0.0632602375377
0.0347479705811	0.0632602375377
0.0681894836426	0.0632602375377
0.101508911133	0.0632602375377
0.097816986084	0.0632602375377
0.0948190612793	0.0632602375377
0.0956152038574	0.0632602375377
0.0949374084473	0.0632602375377
0.09123046875	0.0632602375377
0.095208190918	0.0632602375377
0.0958772888184	0.0632602375377
0.0954502868652	0.0632602375377
0.0970594177246	0.0632602375377
0.0769440612793	0.0632602375377
0.0781217803955	0.0632602375377
0.0807877502441	0.0632602375377
0.0375825653076	0.0632602375377
0.0308229217529	0.0632602375377
0.0269368896484	0.0632602375377
0.0178643798828	0.0632602375377
0.0202248077393	0.0632602375377
0.0208529205322	0.0632602375377
0.0230600128174	0.0632602375377
0.0253396911621	0.0632602375377
0.0291632843018	0.0632602375377
0.0313835449219	0.0632602375377
0.0360191497803	0.0632602375377
0.0400156707764	0.0632602375377
0.0435256958008	0.0632602375377
0.0503054504395	0.0632602375377
0.0632317199707	0.0632602375377
0.0683258972168	0.0632602375377
0.0755392303467	0.0632602375377
0.0757772064209	0.0632602375377
0.0860673980713	0.0632602375377
0.0864069671631	0.0632602375377
0.0947040863037	0.0632602375377
0.0952863922119	0.0632602375377
0.101227783203	0.0632602375377
0.100985412598	0.0632602375377
0.111676132202	0.0632602375377
0.111864685059	0.0632602375377
0.123631652832	0.0632602375377
0.122471618652	0.0632602375377
0.139766967773	0.201307868958
0.140191970825	0.201307868958
0.15446244812	0.201307868958
0.154099151611	0.201307868958
0.17384336853	0.201307868958
0.173293411255	0.201307868958
0.183093048096	0.201307868958
0.182336791992	0.201307868958
0.189154388428	0.201307868958
0.18859614563	0.201307868958
0.195647796631	0.201307868958
0.195293991089	0.201307868958
0.203039154053	0.201307868958
0.203967315674	0.201307868958
0.20737953186	0.201307868958
0.20680960083	0.201307868958
0.228179382324	0.201307868958
0.228516769409	0.201307868958
0.252980239868	0.201307868958
0.253104904175	0.201307868958
0.287675140381	0.201307868958
0.287341598511	0.201307868958
0.321156890869	0.401119400635
0.321089294434	0.401119400635
0.330876525879	0.401119400635
0.330621795654	0.401119400635
0.341693771362	0.401119400635
0.341346588135	0.401119400635
0.356267242432	0.401119400635
0.355488830566	0.401119400635
0.365973022461	0.401119400635
0.366977813721	0.401119400635
0.374211685181	0.401119400635
0.373841369629	0.401119400635
0.378621398926	0.401119400635
0.377890579224	0.401119400635
0.385538818359	0.401119400635
0.386162155151	0.401119400635
0.397076690674	0.401119400635
0.397168182373	0.401119400635
0.429040847778	0.401119400635
0.429291091919	0.401119400635
0.484516311646	0.401119400635
0.484283401489	0.401119400635
0.547154937744	0.401119400635
0.545666702271	0.401119400635
0.606029067993	0.401119400635
0.0588104095459	0.080851501707
0.0611946716309	0.080851501707
0.0620514678955	0.080851501707
0.0628249969482	0.080851501707
0.0640301361084	0.080851501707
0.0644989776611	0.080851501707
0.0652312164307	0.080851501707
0.0659475097656	0.080851501707
0.0660441131592	0.080851501707
0.0665955963135	0.080851501707
0.0663401947021	0.080851501707
0.0669202270508	0.080851501707
0.0667725524902	0.080851501707
0.0674945373535	0.080851501707
0.0679403839111	0.080851501707
0.0675935058594	0.080851501707
0.0681686706543	0.080851501707
0.0693324890137	0.080851501707
0.0690592193604	0.080851501707
0.0691276550293	0.080851501707
0.0694569396973	0.080851501707
0.0697414398193	0.080851501707
0.0701201171875	0.080851501707
0.0697951812744	0.080851501707
0.0699075317383	0.080851501707
0.0709479675293	0.080851501707
0.0711134796143	0.080851501707
0.0716374816895	0.080851501707
0.0724240875244	0.080851501707
0.0725440216064	0.080851501707
0.0718415527344	0.080851501707
0.074059387207	0.080851501707
0.0750024414062	0.080851501707
0.0757398376465	0.080851501707
0.076890335083	0.080851501707
0.0776403808594	0.080851501707
0.0788387451172	0.080851501707
0.0805237731934	0.080851501707
0.0816567840576	0.080851501707
0.0835120391846	0.080851501707
0.0836312866211	0.080851501707
0.0851928253174	0.080851501707
0.0856752929687	0.080851501707
0.0874745483398	0.080851501707
0.0885825500488	0.080851501707
0.0898151702881	0.080851501707
0.0905165710449	0.080851501707
0.0913465270996	0.080851501707
0.0923808288574	0.080851501707
0.0923416137695	0.080851501707
0.0915687866211	0.080851501707
0.0996333312988	0.080851501707
0.101109100342	0.080851501707
0.103220230103	0.080851501707
0.105122283936	0.080851501707
0.1064737854	0.080851501707
0.108488510132	0.080851501707
0.110272201538	0.080851501707
0.111793243408	0.080851501707
0.113664245605	0.080851501707
0.116493408203	0.080851501707
0.119601135254	0.080851501707
0.119875076294	0.080851501707
0.12335836792	0.163731449127
0.126743453979	0.163731449127
0.129953613281	0.163731449127
0.133553436279	0.163731449127
0.137417053223	0.163731449127
0.141627334595	0.163731449127
0.142903335571	0.163731449127
0.144376693726	0.163731449127
0.14567930603	0.163731449127
0.147086212158	0.163731449127
0.146209335327	0.163731449127
0.145145614624	0.163731449127
0.144332870483	0.163731449127
0.144108459473	0.163731449127
0.142341247559	0.163731449127
0.141624832153	0.163731449127
0.142002655029	0.163731449127
0.140695175171	0.163731449127
0.140031921387	0.163731449127
0.135331542969	0.163731449127
0.133899551392	0.163731449127
0.130547943115	0.163731449127
0.128847732544	0.163731449127
0.130590286255	0.163731449127
0.133200515747	0.163731449127
0.133327835083	0.163731449127
0.122781570435	0.163731449127
0.17926473999	0.163731449127
0.179144699097	0.163731449127
0.179622589111	0.163731449127
0.177372894287	0.163731449127
0.177368545532	0.163731449127
0.177098709106	0.163731449127
0.17637097168	0.163731449127
0.175544570923	0.163731449127
0.176155883789	0.163731449127
0.175865585327	0.163731449127
0.17583921814	0.163731449127
0.175446746826	0.163731449127
0.176897186279	0.163731449127
0.176476303101	0.163731449127
0.176562454224	0.163731449127
0.175928207397	0.163731449127
0.181180603027	0.163731449127
0.183512359619	0.163731449127
0.186439804077	0.163731449127
0.184529220581	0.163731449127
0.182863555908	0.163731449127
0.177905700684	0.163731449127
0.179780334473	0.163731449127
0.180172836304	0.163731449127
0.179292175293	0.163731449127
0.177702331543	0.163731449127
0.177911239624	0.163731449127
0.176573760986	0.163731449127
0.176504699707	0.163731449127
0.175671569824	0.163731449127
0.180530441284	0.163731449127
0.179349014282	0.163731449127
0.179991439819	0.163731449127
0.179681594849	0.163731449127
0.178967437744	0.163731449127
0.180463104248	0.163731449127
0.182124572754	0.163731449127
0.184400543213	0.163731449127
0.186413909912	0.163731449127
0.186239028931	0.163731449127
0.184859954834	0.163731449127
0.183888198853	0.163731449127
0.185771438599	0.163731449127
0.184495010376	0.163731449127
0.182713821411	0.163731449127
0.181847839355	0.163731449127
0.183245834351	0.163731449127
0.182624343872	0.163731449127
0.18287121582	0.163731449127
0.183569091797	0.163731449127
0.183639083862	0.163731449127
0.184185638428	0.163731449127
0.18593989563	0.163731449127
0.141184997559	0.163731449127
0.124884857178	0.163731449127
0.108369949341	0.163731449127
0.112472076416	0.163731449127
0.681635604858	0.720521160671
0.681478851318	0.720521160671
0.691683120728	0.720521160671
0.698591888428	0.720521160671
0.718753585815	0.720521160671
0.723574295044	0.720521160671
0.720286621094	0.720521160671
0.730584625244	0.720521160671
0.736908752441	0.720521160671
0.748201416016	0.720521160671
0.750691665649	0.720521160671
0.762452896118	0.720521160671
0.732845932007	0.720521160671
0.709606994629	0.720521160671
0.691216720581	0.691537693311
0.678969161987	0.691537693311
0.683141952515	0.691537693311
0.690821136475	0.691537693311
0.708718643188	0.691537693311
0.711066955566	0.691537693311
0.701827026367	0.691537693311
0.702983200073	0.691537693311
0.700960678101	0.691537693311
0.699432495117	0.691537693311
0.69855796814	0.691537693311
0.662787521362	0.691537693311
0.667442230225	0.691537693311
0.644323287964	0.691537693311
0.656498718262	0.691537693311
0.649130783081	0.691537693311
0.650406448364	0.691537693311
0.668075210571	0.691537693311
0.674227493286	0.691537693311
0.693711105347	0.691537693311
0.696832107544	0.691537693311
0.696608169556	0.691537693311
0.697058013916	0.691537693311
0.702436203003	0.691537693311
0.71024357605	0.691537693311
0.716934555054	0.691537693311
0.721778656006	0.691537693311
0.731789520264	0.691537693311
0.726813323975	0.691537693311
0.708713180542	0.691537693311
0.687417633057	0.691537693311
0.680737289429	0.691537693311
0.684443481445	0.691537693311
0.704191101074	0.691537693311
0.695763244629	0.691537693311
0.695517791748	0.691537693311
0.699902923584	0.691537693311
0.709056716919	0.691537693311
0.699976409912	0.691537693311
0.691639144897	0.691537693311
0.685373474121	0.691537693311
0.681989303589	0.691537693311
0.678499160767	0.691537693311
0.693919128418	0.691537693311
0.694399810791	0.691537693311
0.699778656006	0.691537693311
0.698245010376	0.691537693311
0.695830444336	0.691537693311
0.697986740112	0.691537693311
0.697360183716	0.691537693311
0.702566482544	0.691537693311
0.712716217041	0.691537693311
0.71532951355	0.691537693311
0.716010559082	0.691537693311
0.715235641479	0.691537693311
0.700303939819	0.691537693311
0.685692886353	0.691537693311
0.674575637817	0.691537693311
0.667403213501	0.691537693311
0.665252456665	0.691537693311
0.671780639648	0.691537693311
0.689957550049	0.691537693311
0.684848556519	0.691537693311
0.683016479492	0.691537693311
0.685616867065	0.691537693311
0.690445327759	0.691537693311
0.690656356812	0.691537693311
0.693424179077	0.691537693311
0.694313659668	0.691537693311
0.680982299805	0.691537693311
0.671407546997	0.691537693311
0.668001495361	0.691537693311
0.677565872192	0.691537693311
0.687568466187	0.691537693311
0.687135040283	0.691537693311
0.689642974854	0.691537693311
0.692300613403	0.691537693311
0.691924911499	0.691537693311
0.694132034302	0.691537693311
0.692393783569	0.691537693311
0.696381256104	0.691537693311
0.702310470581	0.691537693311
0.705907592773	0.691537693311
0.708288742065	0.691537693311
0.703817596436	0.691537693311
0.693468734741	0.691537693311
0.677403030396	0.691537693311
0.668239059448	0.691537693311
0.666032028198	0.691537693311
0.667280456543	0.691537693311
0.710970779419	0.691537693311
0.710601531982	0.691537693311
0.71456930542	0.691537693311
0.724331100464	0.787021192731
0.730123214722	0.787021192731
0.737047515869	0.787021192731
0.73299836731	0.787021192731
0.728992141724	0.787021192731
0.719639160156	0.787021192731
0.703129302979	0.787021192731
0.702115585327	0.787021192731
0.715992126465	0.787021192731
0.717224227905	0.787021192731
0.725704666138	0.787021192731
0.725026870728	0.787021192731
0.725099884033	0.787021192731
0.737083374023	0.787021192731
0.737225463867	0.787021192731
0.751745178223	0.787021192731
0.753020950317	0.787021192731
0.771900375366	0.787021192731
0.794905319214	0.787021192731
0.812404006958	0.787021192731
0.840089172363	0.787021192731
0.853453475952	0.787021192731
0.853187698364	0.787021192731
0.849894958496	0.787021192731
0.850187744141	0.787021192731
0.850127761841	0.787021192731
0.850692047119	0.787021192731
0.85334324646	0.787021192731
0.852757141113	0.787021192731
0.853767211914	0.787021192731
0.85239906311	0.787021192731
0.851281265259	0.787021192731
0.850653915405	0.787021192731
0.841646881104	0.787021192731
0.841187194824	0.787021192731
0.836518875122	0.787021192731
0.837368286133	0.787021192731
0.820006958008	0.787021192731
0.821529891968	0.787021192731
0.802853546143	0.787021192731
0.799594085693	0.787021192731
0.796917358398	0.787021192731
0.79419418335	0.787021192731
0.788415115356	0.787021192731
0.790394882202	0.787021192731
0.78000769043	0.787021192731
0.784810256958	0.787021192731
0.768879623413	0.787021192731
0.769923156738	0.787021192731
0.760738876343	0.787021192731
0.762666687012	0.787021192731
0.754073028564	0.787021192731
0.752853103638	0.787021192731
0.740805007935	0.712176477518
0.742507522583	0.712176477518
0.732278045654	0.712176477518
0.733955108643	0.712176477518
0.718214126587	0.712176477518
0.720385009766	0.712176477518
0.709384979248	0.712176477518
0.711173400879	0.712176477518
0.710134979248	0.712176477518
0.712461502075	0.712176477518
0.713985153198	0.712176477518
0.715327758789	0.712176477518
0.714150436401	0.712176477518
0.716055786133	0.712176477518
0.714960067749	0.712176477518
0.712890563965	0.712176477518
0.711382110596	0.712176477518
0.712324752808	0.712176477518
0.711502655029	0.712176477518
0.709148269653	0.712176477518
0.707148849487	0.712176477518
0.707375289917	0.712176477518
0.707820785522	0.712176477518
0.713968658447	0.712176477518
0.716098983765	0.712176477518
0.715378051758	0.712176477518
0.715425674438	0.712176477518
0.715668045044	0.712176477518
0.71411819458	0.712176477518
0.714393417358	0.712176477518
0.715997802734	0.712176477518
0.718006286621	0.712176477518
0.716636306763	0.712176477518
0.717907104492	0.712176477518
0.718033477783	0.712176477518
0.720107772827	0.712176477518
0.713689056396	0.712176477518
0.714023910522	0.712176477518
0.713255050659	0.712176477518
0.713466293335	0.712176477518
0.711428283691	0.712176477518
0.709111541748	0.712176477518
0.708256896973	0.712176477518
0.710208557129	0.712176477518
0.70810723877	0.712176477518
0.711749237061	0.712176477518
0.707117141724	0.712176477518
0.703857589722	0.712176477518
0.702082611084	0.712176477518
0.70534487915	0.712176477518
0.698791397095	0.712176477518
0.69634197998	0.712176477518
0.693057449341	0.712176477518
0.692261367798	0.712176477518
0.692973434448	0.712176477518
0.696905532837	0.712176477518
0.695855117798	0.712176477518
0.700781036377	0.712176477518
0.703608047485	0.712176477518
0.70677204895	0.712176477518
0.704149353027	0.712176477518
0.703602157593	0.712176477518
0.704595199585	0.712176477518
0.708198608398	0.712176477518
0.70419593811	0.712176477518
0.704739074707	0.712176477518
0.703192672729	0.712176477518
0.705500305176	0.712176477518
0.702958862305	0.712176477518
0.708802124023	0.712176477518
0.720071365356	0.712176477518
0.718548736572	0.712176477518
0.715175140381	0.712176477518
0.714720077515	0.712176477518
0.716950637817	0.712176477518
0.71770211792	0.712176477518
0.721652618408	0.712176477518
0.725097808838	0.712176477518
0.730095443726	0.712176477518
0.728195373535	0.712176477518
0.736768539429	0.712176477518
0.737895782471	0.712176477518
0.740931671143	0.712176477518
0.741901107788	0.712176477518
0.730289459229	0.712176477518
0.731724853516	0.712176477518
0.722337921143	0.712176477518
0.727344802856	0.712176477518
0.72144418335	0.712176477518
0.7240234375	0.712176477518
0.716172149658	0.712176477518
0.721401733398	0.712176477518
0.71573034668	0.712176477518
0.716549072266	0.712176477518
0.709468917847	0.712176477518
0.712212478638	0.712176477518
0.718210403442	0.712176477518
0.718434951782	0.712176477518
0.722008972168	0.712176477518
0.720388504028	0.712176477518
0.723961776733	0.712176477518
0.722686462402	0.712176477518
0.733245346069	0.712176477518
0.726188323975	0.712176477518
0.712290374756	0.712176477518
0.708663482666	0.712176477518
0.690639358521	0.712176477518
0.678929962158	0.712176477518
0.650514892578	0.712176477518
0.643596939087	0.712176477518
0.611331542969	0.712176477518
0.581194015503	0.581194015503
0.531008972168	0.508110305786
0.485211639404	0.508110305786
0.413871414185	0.413871414185
0.331972763062	0.331972763062
0.233508163452	0.233508163452
0.143364730835	0.162468286133
0.146239868164	0.162468286133
0.14785067749	0.162468286133
0.153079940796	0.162468286133
0.155323318481	0.162468286133
0.158297927856	0.162468286133
0.162517715454	0.162468286133
0.166494140625	0.162468286133
0.166586105347	0.162468286133
0.174324645996	0.162468286133
0.175751922607	0.162468286133
0.176885620117	0.162468286133
0.177717849731	0.162468286133
0.16903453064	0.162468286133
0.16769442749	0.162468286133
0.164922790527	0.162468286133
0.165446960449	0.162468286133
0.167180648804	0.162468286133
0.169711883545	0.162468286133
0.167660247803	0.162468286133
0.166929229736	0.162468286133
0.167388580322	0.162468286133
0.170294464111	0.162468286133
0.168958374023	0.162468286133
0.169136352539	0.162468286133
0.168701141357	0.162468286133
0.167079360962	0.162468286133
0.166027328491	0.162468286133
0.164143661499	0.162468286133
0.166750808716	0.162468286133
0.167274047852	0.162468286133
0.167486785889	0.162468286133
0.166253158569	0.162468286133
0.167943405151	0.162468286133
0.167790496826	0.162468286133
0.164495315552	0.162468286133
0.162310714722	0.162468286133
0.157203277588	0.162468286133
0.157698562622	0.162468286133
0.156502227783	0.162468286133
0.155267654419	0.162468286133
0.15314944458	0.162468286133
0.147737915039	0.162468286133
0.150520874023	0.162468286133
0.151486190796	0.162468286133
0.151969665527	0.162468286133
0.155611816406	0.162468286133
0.161776138306	0.162468286133
0.16116758728	0.162468286133
0.163857925415	0.162468286133
0.165970703125	0.162468286133
0.164715316772	0.162468286133
0.16900352478	0.162468286133
0.164332550049	0.162468286133
0.164528015137	0.162468286133
0.158916915894	0.162468286133
0.159976654053	0.162468286133
0.158265136719	0.162468286133
0.161746170044	0.162468286133
0.160771881104	0.162468286133
0.16156854248	0.162468286133
0.161145523071	0.162468286133
0.160673583984	0.162468286133
0.155344696045	0.162468286133
0.154480926514	0.162468286133
0.15026625061	0.146235442218
0.150174163818	0.146235442218
0.148395385742	0.146235442218
0.149215652466	0.146235442218
0.145676834106	0.146235442218
0.145294616699	0.146235442218
0.146238342285	0.146235442218
0.147091110229	0.146235442218
0.149046325684	0.146235442218
0.148753829956	0.146235442218
0.145517944336	0.146235442218
0.144222579956	0.146235442218
0.140763885498	0.146235442218
0.141872406006	0.146235442218
0.140553207397	0.146235442218
0.146223556519	0.146235442218
0.146696426392	0.146235442218
0.136205734253	0.134575955709
0.13641229248	0.134575955709
0.133449493408	0.134575955709
0.138299728394	0.134575955709
0.133369491577	0.134575955709
0.134255615234	0.134575955709
0.132368637085	0.134575955709
0.13203666687	0.134575955709
0.132235778809	0.134575955709
0.134711380005	0.134575955709
0.134776535034	0.134575955709
0.136790115356	0.134575955709
0.110693161011	0.0887964789554
0.11090083313	0.0887964789554
0.111589431763	0.0887964789554
0.111461395264	0.0887964789554
0.111790344238	0.0887964789554
0.109743835449	0.0887964789554
0.106896850586	0.0887964789554
0.103955322266	0.0887964789554
0.101971450806	0.0887964789554
0.0989829559326	0.0887964789554
0.0957386779785	0.0887964789554
0.094758682251	0.0887964789554
0.0917468109131	0.0887964789554
0.0885088348389	0.0887964789554
0.0875785369873	0.0887964789554
0.0849021759033	0.0887964789554
0.085003112793	0.0887964789554
0.0854071960449	0.0887964789554
0.0883899383545	0.0887964789554
0.0888564453125	0.0887964789554
0.0895186004639	0.0887964789554
0.0904643707275	0.0887964789554
0.0946708984375	0.0887964789554
0.0960699920654	0.0887964789554
0.0967487335205	0.0887964789554
0.0975496520996	0.0887964789554
0.0988268737793	0.0887964789554
0.0987863006592	0.0887964789554
0.0968849487305	0.0887964789554
0.0962065734863	0.0887964789554
0.0992142333984	0.0887964789554
0.0995209503174	0.0887964789554
0.0988808746338	0.0887964789554
0.0977713928223	0.0887964789554
0.096291595459	0.0887964789554
0.0961294403076	0.0887964789554
0.096547744751	0.0887964789554
0.0963970794678	0.0887964789554
0.0947272949219	0.0887964789554
0.0943929443359	0.0887964789554
0.096674621582	0.0887964789554
0.0978805389404	0.0887964789554
0.0960317840576	0.0887964789554
0.0963382415771	0.0887964789554
0.0951428375244	0.0887964789554
0.0921595611572	0.0887964789554
0.0912416992187	0.0887964789554
0.0897347412109	0.0887964789554
0.0894802703857	0.0887964789554
0.0892125396729	0.0887964789554
0.0875821685791	0.0887964789554
0.0872199707031	0.0887964789554
0.0859125976563	0.0887964789554
0.0848143463135	0.0887964789554
0.0826910552979	0.0887964789554
0.081811340332	0.0887964789554
0.0818529510498	0.0887964789554
0.0806509094238	0.0887964789554
0.079152557373	0.0887964789554
0.0786984100342	0.0887964789554
0.0781521759033	0.0887964789554
0.0783720245361	0.0887964789554
0.0785834197998	0.0887964789554
0.0804234161377	0.0887964789554
0.0814964141846	0.0887964789554
0.0820637359619	0.0887964789554
0.0812847595215	0.0887964789554
0.0804161376953	0.0887964789554
0.0788273468018	0.0887964789554
0.0780905303955	0.0887964789554
0.078364364624	0.0887964789554
0.0781359558105	0.0887964789554
0.0782750091553	0.0887964789554
0.0789255218506	0.0887964789554
0.0780016937256	0.0887964789554
0.0782902374268	0.0887964789554
0.0796576080322	0.0887964789554
0.0789771728516	0.0887964789554
0.0790274963379	0.0887964789554
0.0797743225098	0.0887964789554
0.0796207122803	0.0887964789554
0.0801265411377	0.0887964789554
0.0814190826416	0.0887964789554
0.0807211608887	0.0887964789554
0.0802774353027	0.0887964789554
0.0813339080811	0.0887964789554
0.0810378570557	0.0887964789554
0.0804121551514	0.0887964789554
0.0831448822021	0.0887964789554
0.082092666626	0.0887964789554
0.0824590911865	0.0887964789554
0.0843659820557	0.0887964789554
0.0854209594727	0.0887964789554
0.0848342132568	0.0887964789554
0.0848990936279	0.0887964789554
0.0842915496826	0.0887964789554
0.0833971252441	0.0887964789554
0.0838880615234	0.0887964789554
0.0835007629395	0.0887964789554
0.0821770172119	0.0887964789554
0.0826232757568	0.0887964789554
0.0821271362305	0.0887964789554
0.0813777313232	0.0887964789554
0.0835848236084	0.0887964789554
0.0836257629395	0.0887964789554
0.0847074432373	0.0887964789554
0.0868444976807	0.0887964789554
0.0886354675293	0.0887964789554
0.0870637207031	0.0887964789554
0.0884709625244	0.0887964789554
0.0887369384766	0.0887964789554
0.0889489593506	0.0887964789554
0.0810029449463	0.0887964789554
0.0863014831543	0.0887964789554
0.0881428222656	0.0887964789554
0.089156539917	0.0887964789554
0.08822315979	0.0887964789554
0.0886191864014	0.0887964789554
0.0909907226562	0.0887964789554
0.0914537200928	0.0887964789554
0.0923330230713	0.0887964789554
0.0938688812256	0.0887964789554
0.0947786407471	0.0887964789554
0.0952892303467	0.0887964789554
0.0977967224121	0.0887964789554
0.0984709777832	0.0887964789554
0.101477859497	0.0887964789554
0.103610183716	0.0887964789554
0.106939941406	0.0887964789554
0.108216125488	0.0887964789554
0.108783843994	0.0887964789554
0.108199691772	0.0887964789554
0.108562332153	0.0887964789554
0.109812835693	0.0887964789554
0.111740585327	0.0887964789554
0.111162765503	0.0887964789554
0.111360321045	0.0887964789554
0.1111771698	0.0887964789554
0.112221191406	0.0887964789554
0.110540786743	0.0887964789554
0.110146728516	0.0887964789554
0.108206832886	0.0887964789554
0.108948913574	0.0887964789554
0.110605880737	0.0887964789554
0.110607788086	0.0887964789554
0.111974853516	0.0887964789554
0.112827911377	0.0887964789554
0.111941345215	0.0887964789554
0.112598312378	0.0887964789554
0.111960510254	0.0887964789554
0.111610916138	0.0887964789554
0.110406906128	0.0887964789554
0.109615234375	0.0887964789554
0.108727981567	0.0887964789554
0.109601409912	0.0887964789554
0.109284805298	0.0887964789554
0.109172836304	0.0887964789554
0.109558334351	0.0887964789554
0.10957661438	0.0887964789554
0.110345230103	0.0887964789554
0.112380447388	0.0887964789554
0.111406829834	0.0887964789554
0.111767288208	0.0887964789554
0.111146514893	0.0887964789554
0.110397354126	0.0887964789554
0.110099594116	0.0887964789554
0.110093215942	0.0887964789554
0.111235473633	0.0887964789554
0.112492874146	0.0887964789554
0.112336257935	0.0887964789554
0.113326553345	0.0887964789554
0.118359542847	0.0887964789554
0.119151779175	0.0887964789554
0.102477279663	0.0887964789554
0.108101989746	0.0887964789554
0.10895199585	0.0887964789554
0.109436676025	0.0887964789554
0.110830795288	0.0887964789554
0.109593215942	0.0887964789554
0.10936366272	0.0887964789554
0.110218276978	0.0887964789554
0.110011520386	0.0887964789554
0.110880844116	0.0887964789554
0.111558624268	0.0887964789554
0.110984771729	0.0887964789554
0.110044235229	0.0887964789554
0.110800186157	0.0887964789554
0.1082762146	0.0887964789554
0.108358474731	0.0887964789554
0.108669952393	0.0887964789554
0.10819102478	0.0887964789554
0.108723754883	0.0887964789554
0.107812225342	0.0887964789554
0.107002319336	0.0887964789554
0.106482040405	0.0887964789554
0.105853759766	0.0887964789554
0.105560836792	0.0887964789554
0.106733703613	0.0887964789554
0.106615524292	0.0887964789554
0.105184921265	0.0887964789554
0.104433074951	0.0887964789554
0.104623931885	0.0887964789554
0.105374359131	0.0887964789554
0.104861541748	0.0887964789554
0.107048690796	0.0887964789554
0.107159606934	0.0887964789554
0.107634796143	0.0887964789554
0.110431243896	0.0887964789554
0.110111663818	0.0887964789554
0.109501663208	0.0887964789554
0.111033279419	0.0887964789554
0.111929168701	0.0887964789554
0.111801269531	0.0887964789554
0.11170111084	0.0887964789554
0.111542160034	0.0887964789554
0.11189956665	0.0887964789554
0.112897949219	0.0887964789554
0.11170753479	0.0887964789554
0.111546661377	0.0887964789554
0.113862350464	0.0887964789554
0.114379241943	0.0887964789554
0.116101013184	0.0887964789554
0.117377304077	0.0887964789554
0.116891113281	0.0887964789554
0.116256515503	0.0887964789554
0.11818460083	0.0887964789554
0.117463760376	0.0887964789554
0.117627975464	0.0887964789554
0.117772232056	0.0887964789554
0.115615692139	0.0887964789554
0.115221221924	0.0887964789554
0.11543296814	0.0887964789554
0.115064254761	0.0887964789554
0.115118255615	0.0887964789554
0.115535583496	0.0887964789554
0.112619567871	0.0887964789554
0.112776992798	0.0887964789554
0.111683105469	0.0887964789554
0.111140762329	0.0887964789554
0.111412567139	0.0887964789554
0.112250320435	0.0887964789554
0.109960693359	0.0887964789554
0.108205276489	0.0887964789554
0.108653640747	0.0887964789554
0.10872567749	0.0887964789554
0.107398880005	0.0887964789554
0.107956832886	0.0887964789554
0.108160873413	0.0887964789554
0.107843704224	0.0887964789554
0.108018508911	0.0887964789554
0.107592987061	0.0887964789554
0.106624969482	0.0887964789554
0.108634643555	0.0887964789554
0.109513671875	0.0887964789554
0.109645278931	0.0887964789554
0.112712112427	0.0887964789554
0.113661315918	0.0887964789554
0.113689926147	0.0887964789554
0.114299041748	0.0887964789554
0.115705856323	0.0887964789554
0.115411727905	0.0887964789554
0.115718261719	0.0887964789554
0.115951690674	0.0887964789554
0.11504119873	0.0887964789554
0.115766891479	0.0887964789554
0.116057296753	0.0887964789554
0.11538218689	0.0887964789554
0.119186233521	0.0887964789554
0.120251449585	0.0887964789554
0.120398605347	0.0887964789554
0.120015228271	0.0887964789554
0.122343048096	0.0887964789554
0.123262588501	0.0887964789554
0.12531892395	0.0887964789554
0.125488922119	0.0887964789554
0.125099182129	0.0887964789554
0.126001480103	0.0887964789554
0.122938201904	0.0887964789554
0.0525824432373	0.0887964789554
0.0549936523437	0.0887964789554
0.0552359466553	0.0887964789554
0.0554120330811	0.0887964789554
0.0568783416748	0.0887964789554
0.0566999816895	0.0887964789554
0.0568946838379	0.0887964789554
0.0558995513916	0.0887964789554
0.0571994171143	0.0887964789554
0.0566873168945	0.0887964789554
0.0578660430908	0.0887964789554
0.057723236084	0.0887964789554
0.0569059448242	0.0887964789554
0.0569524230957	0.0887964789554
0.0560705718994	0.0887964789554
0.0555682373047	0.0887964789554
0.0561333770752	0.0887964789554
0.055525604248	0.0887964789554
0.0563216094971	0.0887964789554
0.0556158599854	0.0887964789554
0.0537628326416	0.0887964789554
0.0528349761963	0.0887964789554
0.0547041931152	0.0887964789554
0.0547091369629	0.0887964789554
0.054324798584	0.0887964789554
0.0538928527832	0.0887964789554
0.0545221557617	0.0887964789554
0.0559179077148	0.0887964789554
0.0552983703613	0.0887964789554
0.0552443389893	0.0887964789554
0.0559305419922	0.0887964789554
0.0563986968994	0.0887964789554
0.0569005889893	0.0887964789554
0.0568152008057	0.0887964789554
0.0573675384521	0.0887964789554
0.0567597961426	0.0887964789554
0.0568311004639	0.0887964789554
0.0581924133301	0.0887964789554
0.0585626831055	0.0887964789554
0.0582343139648	0.0887964789554
0.0601297302246	0.0887964789554
0.0601131896973	0.0887964789554
0.060067779541	0.0887964789554
0.0601457824707	0.0887964789554
0.0514985046387	0.0887964789554
0.0616589660645	0.0887964789554
0.0630791778564	0.0887964789554
0.0626696166992	0.0887964789554
0.0626751251221	0.0887964789554
0.0605097503662	0.0887964789554
0.0612331542969	0.0887964789554
0.0617557830811	0.0887964789554
0.0603262023926	0.0887964789554
0.0631860198975	0.0887964789554
0.0633444213867	0.0887964789554
0.0647413482666	0.0887964789554
0.0635534057617	0.0887964789554
0.0624324188232	0.0887964789554
0.0633958587646	0.0887964789554
0.0639732513428	0.0887964789554
0.0630070343018	0.0887964789554
0.063267791748	0.0887964789554
0.0605674743652	0.0887964789554
0.0587506866455	0.0887964789554
0.0584317779541	0.0887964789554
0.058210357666	0.0887964789554
0.0570878295898	0.0887964789554
0.0565353393555	0.0887964789554
0.0556710357666	0.0887964789554
0.0547500915527	0.0887964789554
0.0548942108154	0.0887964789554
0.054808303833	0.0887964789554
0.0549069671631	0.0887964789554
0.0547493896484	0.0887964789554
0.0553637695313	0.0887964789554
0.0550047454834	0.0887964789554
0.0543851776123	0.0887964789554
0.0547554626465	0.0887964789554
0.0531857910156	0.0887964789554
0.0532125396729	0.0887964789554
0.0536073303223	0.0887964789554
0.0533721160889	0.0887964789554
0.0540924835205	0.0887964789554
0.0539956970215	0.0887964789554
0.0526987457275	0.0887964789554
0.0526020050049	0.0887964789554
0.096165512085	0.0887964789554
0.0962890930176	0.0887964789554
0.0971778411865	0.0887964789554
0.0961862030029	0.0887964789554
0.0965401153564	0.0887964789554
0.095783706665	0.0887964789554
0.095487411499	0.0887964789554
0.0949624328613	0.0887964789554
0.0958053741455	0.0887964789554
0.095457321167	0.0887964789554
0.0976974639893	0.0887964789554
0.0979008178711	0.0887964789554
0.0981835479736	0.0887964789554
0.0992550354004	0.0887964789554
0.0990509796143	0.0887964789554
0.0986904754639	0.0887964789554
0.0978813781738	0.0887964789554
0.0984929504395	0.0887964789554
0.0981824645996	0.0887964789554
0.0983584136963	0.0887964789554
0.0985465393066	0.0887964789554
0.0983138580322	0.0887964789554
0.100257873535	0.0887964789554
0.100663757324	0.0887964789554
0.099494720459	0.0887964789554
0.0991552124023	0.0887964789554
0.0983868103027	0.0887964789554
0.0968327484131	0.0887964789554
0.0981948699951	0.0887964789554
0.0978120117188	0.0887964789554
0.0993157958984	0.0887964789554
0.100014755249	0.0887964789554
0.100184799194	0.0887964789554
0.100476867676	0.0887964789554
0.0997813262939	0.0887964789554
0.0992728729248	0.0887964789554
0.0980128479004	0.0887964789554
0.0979383544922	0.0887964789554
0.0986562805176	0.0887964789554
0.0990156707764	0.0887964789554
0.0978439788818	0.0887964789554
0.0984345245361	0.0887964789554
0.100404708862	0.0887964789554
0.102836547852	0.0887964789554
0.103240692139	0.0887964789554
0.104384689331	0.0887964789554
0.106596328735	0.0887964789554
0.106844070435	0.0887964789554
0.10613621521	0.0887964789554
0.105870071411	0.0887964789554
0.10508934021	0.0887964789554
0.104324081421	0.0887964789554
0.102303192139	0.0887964789554
0.100518585205	0.0887964789554
0.0996380767822	0.0887964789554
0.100627639771	0.0887964789554
0.102193237305	0.0887964789554
0.102467727661	0.0887964789554
0.101909378052	0.0887964789554
0.101101364136	0.0887964789554
0.0999906463623	0.0887964789554
0.099876083374	0.0887964789554
0.0989533233643	0.0887964789554
0.099154083252	0.0887964789554
0.0966985626221	0.0887964789554
0.0988288269043	0.0887964789554
0.106014663696	0.0887964789554
0.106945541382	0.0887964789554
0.107029449463	0.0887964789554
0.105304229736	0.0887964789554
0.10657963562	0.0887964789554
0.107827590942	0.0887964789554
0.10797088623	0.0887964789554
0.106845932007	0.0887964789554
0.10677571106	0.0887964789554
0.106130310059	0.0887964789554
0.105731216431	0.0887964789554
0.106443222046	0.0887964789554
0.103571121216	0.0887964789554
0.102574890137	0.0887964789554
0.0972031402588	0.0887964789554
0.0968059082031	0.0887964789554
0.09880909729	0.0887964789554
0.0992772979736	0.0887964789554
0.0951691436768	0.0887964789554
0.0944595031738	0.0887964789554
0.0848594207764	0.0887964789554
0.0877446136475	0.0887964789554
0.0893156738281	0.0887964789554
0.0888955078125	0.0887964789554
0.0893552246094	0.0887964789554
0.087923614502	0.0887964789554
0.0897916259766	0.0887964789554
0.0906236724854	0.0887964789554
0.0914768218994	0.0887964789554
0.0905336303711	0.0887964789554
0.0917192993164	0.0887964789554
0.0926207580566	0.0887964789554
0.0920147094727	0.0887964789554
0.0921235656738	0.0887964789554
0.0914037017822	0.0887964789554
0.0907971191406	0.0887964789554
0.0891148986816	0.0887964789554
0.0923613128662	0.0887964789554
0.0895449371338	0.0887964789554
0.0897546234131	0.0887964789554
0.0901003417969	0.0887964789554
0.0952037353516	0.0887964789554
0.0952475585937	0.0887964789554
0.0949983978271	0.0887964789554
0.0922706756592	0.0887964789554
0.0918999786377	0.0887964789554
0.0885387573242	0.0887964789554
0.088077041626	0.0887964789554
0.114881744385	0.0887964789554
0.11511315918	0.0887964789554
0.112085678101	0.0887964789554
0.112382949829	0.0887964789554
0.109748321533	0.0887964789554
0.111725906372	0.0887964789554
0.11102722168	0.0887964789554
0.111036331177	0.0887964789554
0.11268536377	0.0887964789554
0.113484848022	0.0887964789554
0.112268493652	0.0887964789554
0.111346206665	0.0887964789554
0.111086105347	0.0887964789554
0.111150421143	0.0887964789554
0.110020202637	0.0887964789554
0.109699859619	0.0887964789554
0.11285508728	0.0887964789554
0.114601638794	0.0887964789554
0.112249038696	0.0887964789554
0.112327255249	0.0887964789554
0.112122314453	0.0887964789554
0.111907775879	0.0887964789554
0.112368301392	0.0887964789554
0.112886199951	0.0887964789554
0.114377746582	0.0887964789554
0.0725188903809	0.0887964789554
0.0742812042236	0.0887964789554
0.0761335449219	0.0887964789554
0.0784000091553	0.0887964789554
0.0783582000732	0.0887964789554
0.0795004882813	0.0887964789554
0.0769261474609	0.0887964789554
0.0769547119141	0.0887964789554
0.0796024780273	0.0887964789554
0.0800653686523	0.0887964789554
0.0799813690186	0.0887964789554
0.078522354126	0.0887964789554
0.0782565765381	0.0887964789554
0.0790292510986	0.0887964789554
0.0780386657715	0.0887964789554
0.0783398742676	0.0887964789554
0.0785550231934	0.0887964789554
0.0762809295654	0.0887964789554
0.0756583404541	0.0887964789554
0.0754678039551	0.0887964789554
0.0756493225098	0.0887964789554
0.0757105865479	0.0887964789554
0.0767959594727	0.0887964789554
0.0762791748047	0.0887964789554
0.0770716094971	0.0887964789554
0.0785274200439	0.0887964789554
0.0786042480469	0.0887964789554
0.0793540039063	0.0887964789554
0.0802800292969	0.0887964789554
0.0796372528076	0.0887964789554
0.0799471130371	0.0887964789554
0.0781973114014	0.0887964789554
0.0780378875732	0.0887964789554
0.0768284606934	0.0887964789554
0.0775320892334	0.0887964789554
0.0762961883545	0.0887964789554
0.0746671447754	0.0887964789554
0.075016708374	0.0887964789554
0.0744979858398	0.0887964789554
0.0743540496826	0.0887964789554
0.0619483795166	0.0887964789554
0.0641096801758	0.0887964789554
0.0662365570068	0.0887964789554
0.0667769775391	0.0887964789554
0.0675440979004	0.0887964789554
0.068324432373	0.0887964789554
0.0678297576904	0.0887964789554
0.0668716430664	0.0887964789554
0.0689274749756	0.0887964789554
0.0706685028076	0.0887964789554
0.0758498535156	0.0887964789554
0.0759371490479	0.0887964789554
0.076777633667	0.0887964789554
0.0748895568848	0.0887964789554
0.0734960632324	0.0887964789554
0.0721007995605	0.0887964789554
0.0725570373535	0.0887964789554
0.0723263549805	0.0887964789554
0.0701631774902	0.0887964789554
0.0694544372559	0.0887964789554
0.0689234466553	0.0887964789554
0.0714960327148	0.0887964789554
0.0712784423828	0.0887964789554
0.0720825195312	0.0887964789554
0.0708101043701	0.0887964789554
0.0709599609375	0.0887964789554
0.0721684570312	0.0887964789554
0.0737779388428	0.0887964789554
0.0726636810303	0.0887964789554
0.0723991241455	0.0887964789554
0.072055557251	0.0887964789554
0.0733792877197	0.0887964789554
0.0754968566895	0.0887964789554
0.0771659393311	0.0887964789554
0.0786565856934	0.0887964789554
0.0795097503662	0.0887964789554
0.0809617156982	0.0887964789554
0.0811750183105	0.0887964789554
0.0809326171875	0.0887964789554
0.0803653411865	0.0887964789554
0.0778852844238	0.0887964789554
0.0762770843506	0.0887964789554
0.0783672180176	0.0887964789554
0.0788076629639	0.0887964789554
0.0770806274414	0.0887964789554
0.0775669708252	0.0887964789554
0.0769456329346	0.0887964789554
0.0755486755371	0.0887964789554
0.0759386901855	0.0887964789554
0.0747750091553	0.0887964789554
0.0732025146484	0.0887964789554
0.0737484588623	0.0887964789554
0.0742527923584	0.0887964789554
0.0744728851318	0.0887964789554
0.0744922027588	0.0887964789554
0.0754430389404	0.0887964789554
0.0735293121338	0.0887964789554
0.0727518768311	0.0887964789554
0.0727499847412	0.0887964789554
0.0720699005127	0.0887964789554
0.0707122802734	0.0887964789554
0.0715970306396	0.0887964789554
0.0696416015625	0.0887964789554
0.0694646453857	0.0887964789554
0.069329498291	0.0887964789554
0.0693153839111	0.0887964789554
0.0689109191895	0.0887964789554
0.0699638366699	0.0887964789554
0.0713225097656	0.0887964789554
0.0713126373291	0.0887964789554
0.0691172027588	0.0887964789554
0.0685841522217	0.0887964789554
0.0663278045654	0.0887964789554
0.0668375701904	0.0887964789554
0.0672840576172	0.0887964789554
0.0670327301025	0.0887964789554
0.0657014465332	0.0887964789554
0.0650605010986	0.0887964789554
0.0643191070557	0.0887964789554
0.0649891662598	0.0887964789554
0.0663576507568	0.0887964789554
0.0685801849365	0.0887964789554
0.0725822296143	0.0887964789554
0.0747882385254	0.0887964789554
0.075493637085	0.0887964789554
0.0744737701416	0.0887964789554
0.0763921051025	0.0887964789554
0.0772324981689	0.0887964789554
0.0768327178955	0.0887964789554
0.07683984375	0.0887964789554
0.078382232666	0.0887964789554
0.0781375427246	0.0887964789554
0.0771237487793	0.0887964789554
0.07600831604	0.0887964789554
0.0761320800781	0.0887964789554
0.075228012085	0.0887964789554
0.0758807830811	0.0887964789554
0.0762648620605	0.0887964789554
0.0745239105225	0.0887964789554
0.0732530517578	0.0887964789554
0.0728489685059	0.0887964789554
0.0724161987305	0.0887964789554
0.0726087646484	0.0887964789554
0.0711138916016	0.0887964789554
0.070284576416	0.0887964789554
0.070634979248	0.0887964789554
0.0712847442627	0.0887964789554
0.0711600036621	0.0887964789554
0.0726972198486	0.0887964789554
0.0706837463379	0.0887964789554
0.069392288208	0.0887964789554
0.070111114502	0.0887964789554
0.0674851074219	0.0887964789554
0.0628804321289	0.0887964789554
0.0625490875244	0.0887964789554
0.0615478973389	0.0887964789554
0.0607718963623	0.0887964789554
0.0606787109375	0.0887964789554
0.0617237701416	0.0887964789554
0.0620857543945	0.0887964789554
0.0612813568115	0.0887964789554
0.06178175354	0.0887964789554
0.0623770446777	0.0887964789554
0.0638896942139	0.0887964789554
0.0667762451172	0.0887964789554
0.0678396148682	0.0887964789554
0.0711278991699	0.0887964789554
0.0738173980713	0.0887964789554
0.0767660980225	0.0887964789554
0.0761663665771	0.0887964789554
0.074694229126	0.0887964789554
0.0753304290771	0.0887964789554
0.077501159668	0.0887964789554
0.0760617523193	0.0887964789554
0.0774736480713	0.0887964789554
0.0786074981689	0.0887964789554
0.0788748321533	0.0887964789554
0.080498046875	0.0887964789554
0.0798969421387	0.0887964789554
0.0826235198975	0.0887964789554
0.0833313140869	0.0887964789554
0.0860742950439	0.0887964789554
0.0887402954102	0.0887964789554
0.0881414794922	0.0887964789554
0.0907656860352	0.0887964789554
0.093858795166	0.0887964789554
0.0943370056152	0.0887964789554
0.0949718170166	0.0887964789554
0.0970723571777	0.0887964789554
0.098967956543	0.0887964789554
0.100872024536	0.0887964789554
0.100862976074	0.0887964789554
0.1011980896	0.0887964789554
0.10331477356	0.0887964789554
0.105597854614	0.0887964789554
0.104660491943	0.0887964789554
0.103641433716	0.0887964789554
0.103133346558	0.0887964789554
0.102834487915	0.0887964789554
0.102993774414	0.0887964789554
0.103751815796	0.0887964789554
0.103665817261	0.0887964789554
0.104883239746	0.0887964789554
0.10704510498	0.0887964789554
0.105771514893	0.0887964789554
0.107564102173	0.0887964789554
0.109573455811	0.0887964789554
0.11070300293	0.0887964789554
0.111560058594	0.0887964789554
0.11438343811	0.0887964789554
0.114898513794	0.0887964789554
0.117248153687	0.144886823816
0.11812411499	0.144886823816
0.118387161255	0.144886823816
0.121891937256	0.144886823816
0.12120324707	0.144886823816
0.119718551636	0.144886823816
0.121186981201	0.144886823816
0.126124313354	0.144886823816
0.126626998901	0.144886823816
0.123932250977	0.144886823816
0.122533950806	0.144886823816
0.121744827271	0.144886823816
0.123155883789	0.144886823816
0.123495025635	0.144886823816
0.124257980347	0.144886823816
0.126030441284	0.144886823816
0.123073745728	0.144886823816
0.122240081787	0.144886823816
0.123019454956	0.144886823816
0.12435105896	0.144886823816
0.123099212646	0.144886823816
0.125183670044	0.144886823816
0.127430160522	0.144886823816
0.129034210205	0.144886823816
0.125793548584	0.144886823816
0.123173614502	0.144886823816
0.121318206787	0.144886823816
0.120755126953	0.144886823816
0.119819656372	0.144886823816
0.122270675659	0.144886823816
0.118832946777	0.144886823816
0.118391876221	0.144886823816
0.116833892822	0.144886823816
0.118548522949	0.144886823816
0.118597091675	0.144886823816
0.118855178833	0.144886823816
0.120329101562	0.144886823816
0.119954345703	0.144886823816
0.122237503052	0.144886823816
0.122259979248	0.144886823816
0.118797042847	0.144886823816
0.117778579712	0.144886823816
0.11688092041	0.144886823816
0.117907714844	0.144886823816
0.118923995972	0.144886823816
0.118889526367	0.144886823816
0.118293228149	0.144886823816
0.11838470459	0.144886823816
0.119897567749	0.144886823816
0.119893005371	0.144886823816
0.120369049072	0.144886823816
0.119928237915	0.144886823816
0.119108001709	0.144886823816
0.118353622437	0.144886823816
0.119076919556	0.144886823816
0.12034513855	0.144886823816
0.123663192749	0.144886823816
0.122682174683	0.144886823816
0.12336289978	0.144886823816
0.12069694519	0.144886823816
0.121635360718	0.144886823816
0.122530487061	0.144886823816
0.122589691162	0.144886823816
0.124468460083	0.144886823816
0.122805496216	0.144886823816
0.122462112427	0.144886823816
0.125011047363	0.144886823816
0.124895767212	0.144886823816
0.125816986084	0.144886823816
0.123000991821	0.144886823816
0.121782943726	0.144886823816
0.121746002197	0.144886823816
0.121296844482	0.144886823816
0.120777557373	0.144886823816
0.120969192505	0.144886823816
0.12003024292	0.144886823816
0.118769515991	0.144886823816
0.119046722412	0.144886823816
0.12152796936	0.144886823816
0.121754562378	0.144886823816
0.122429428101	0.144886823816
0.123681655884	0.144886823816
0.121575027466	0.144886823816
0.121190032959	0.144886823816
0.123138793945	0.144886823816
0.124215789795	0.144886823816
0.121841873169	0.144886823816
0.123392776489	0.144886823816
0.124693634033	0.144886823816
0.124834655762	0.144886823816
0.126357086182	0.144886823816
0.124706466675	0.144886823816
0.122986846924	0.144886823816
0.126371276855	0.144886823816
0.126882446289	0.144886823816
0.126345458984	0.144886823816
0.191250564575	0.144886823816
0.19091835022	0.144886823816
0.191457611084	0.144886823816
0.192292419434	0.144886823816
0.192288269043	0.144886823816
0.192066055298	0.144886823816
0.19019430542	0.144886823816
0.189997161865	0.144886823816
0.19005279541	0.144886823816
0.189357574463	0.144886823816
0.197607040405	0.144886823816
0.200235946655	0.144886823816
0.20123374939	0.144886823816
0.201763748169	0.144886823816
0.200085754395	0.144886823816
0.201321136475	0.144886823816
0.195062850952	0.144886823816
0.194085525513	0.144886823816
0.192747177124	0.144886823816
0.191111190796	0.144886823816
0.193163803101	0.144886823816
0.194661514282	0.144886823816
0.196007919312	0.144886823816
0.194858612061	0.144886823816
0.195437835693	0.144886823816
0.198874313354	0.144886823816
0.198927078247	0.144886823816
0.200521835327	0.144886823816
0.199366867065	0.144886823816
0.19664163208	0.144886823816
0.200190887451	0.144886823816
0.202651260376	0.144886823816
0.201449951172	0.144886823816
0.200169708252	0.144886823816
0.199069259644	0.144886823816
0.199586029053	0.144886823816
0.200486541748	0.144886823816
0.199617721558	0.144886823816
0.199464157104	0.144886823816
0.198709762573	0.144886823816
0.196580825806	0.144886823816
0.197251480103	0.144886823816
0.196287887573	0.144886823816
0.198932327271	0.144886823816
0.199962203979	0.144886823816
0.201738586426	0.144886823816
0.202115234375	0.144886823816
0.200641616821	0.144886823816
0.200955596924	0.144886823816
0.19976663208	0.144886823816
0.20057321167	0.144886823816
0.200024688721	0.144886823816
0.200300460815	0.144886823816
0.198521591187	0.144886823816
0.194576950073	0.144886823816
0.197659225464	0.144886823816
0.198925384521	0.144886823816
0.200163284302	0.144886823816
0.198821838379	0.144886823816
0.196781829834	0.144886823816
0.19326071167	0.144886823816
0.195132720947	0.144886823816
0.19661328125	0.144886823816
0.196692657471	0.144886823816
0.198956314087	0.144886823816
0.198932250977	0.144886823816
0.196154098511	0.144886823816
0.193127288818	0.144886823816
0.189357345581	0.144886823816
0.189855163574	0.144886823816
0.195295059204	0.144886823816
0.196842681885	0.144886823816
0.201125869751	0.144886823816
0.199114303589	0.144886823816
0.199667358398	0.144886823816
0.197268203735	0.144886823816
0.200746383667	0.144886823816
0.199847061157	0.144886823816
0.202017288208	0.144886823816
0.199987258911	0.144886823816
0.122230743408	0.144886823816
0.127896789551	0.144886823816
0.123305053711	0.144886823816
0.122883544922	0.144886823816
0.126643264771	0.144886823816
0.126716934204	0.144886823816
0.125573150635	0.144886823816
0.126244415283	0.144886823816
0.127428222656	0.144886823816
0.125625793457	0.144886823816
0.126189407349	0.144886823816
0.126565689087	0.144886823816
0.126790420532	0.144886823816
0.124121658325	0.144886823816
0.12424798584	0.144886823816
0.124155227661	0.144886823816
0.124933456421	0.144886823816
0.124611083984	0.144886823816
0.124625869751	0.144886823816
0.122682617187	0.144886823816
0.123638504028	0.144886823816
0.122361602783	0.144886823816
0.122568496704	0.144886823816
0.12096395874	0.144886823816
0.120066619873	0.144886823816
0.120293502808	0.144886823816
0.119287704468	0.144886823816
0.117473754883	0.144886823816
0.116418960571	0.144886823816
0.112549636841	0.144886823816
0.111545593262	0.144886823816
0.110537918091	0.144886823816
0.109786743164	0.144886823816
0.111226226807	0.144886823816
0.108682327271	0.144886823816
0.106112243652	0.144886823816
0.106440307617	0.144886823816
0.107607177734	0.144886823816
0.106537460327	0.144886823816
0.105479904175	0.144886823816
0.102536148071	0.144886823816
0.102571212769	0.144886823816
0.103277282715	0.144886823816
0.102305648804	0.144886823816
0.103159042358	0.144886823816
0.101339126587	0.144886823816
0.0987388916016	0.144886823816
0.0982732696533	0.144886823816
0.0983496704102	0.144886823816
0.0967967987061	0.144886823816
0.0941398162842	0.144886823816
0.0943581237793	0.144886823816
0.0952630004883	0.144886823816
0.0927519378662	0.144886823816
0.0915660400391	0.144886823816
0.0897038421631	0.144886823816
0.092486618042	0.144886823816
0.0930852661133	0.144886823816
0.0927049560547	0.144886823816
0.0894153289795	0.144886823816
0.0853505859375	0.0691370594795
0.0854566650391	0.0691370594795
0.0845754241943	0.0691370594795
0.0841300506592	0.0691370594795
0.0834147186279	0.0691370594795
0.0824711608887	0.0691370594795
0.0798677062988	0.0691370594795
0.0796375427246	0.0691370594795
0.08056640625	0.0691370594795
0.0807955322266	0.0691370594795
0.0801393890381	0.0691370594795
0.0793040771484	0.0691370594795
0.07690184021	0.0691370594795
0.0752217559814	0.0691370594795
0.0751377563477	0.0691370594795
0.0734013519287	0.0691370594795
0.0711605834961	0.0691370594795
0.0703963470459	0.0691370594795
0.0700171203613	0.0691370594795
0.0693390655518	0.0691370594795
0.0698730163574	0.0691370594795
0.0688379669189	0.0691370594795
0.0699443206787	0.0691370594795
0.0701649780273	0.0691370594795
0.0702226257324	0.0691370594795
0.072791305542	0.0691370594795
0.0743140258789	0.0691370594795
0.0756625976563	0.0691370594795
0.0733305664062	0.0691370594795
0.0737249755859	0.0691370594795
0.074057723999	0.0691370594795
0.0770860900879	0.0691370594795
0.0764132843018	0.0691370594795
0.074769821167	0.0691370594795
0.0752593383789	0.0691370594795
0.0750122833252	0.0691370594795
0.0755903015137	0.0691370594795
0.07477394104	0.0691370594795
0.0726742248535	0.0691370594795
0.0675159301758	0.0691370594795
0.0666467285156	0.0691370594795
0.0660321655273	0.0691370594795
0.06241796875	0.0691370594795
0.0621262054443	0.0691370594795
0.0623008728027	0.0691370594795
0.0605192871094	0.0691370594795
0.0609732818604	0.0691370594795
0.0618952484131	0.0691370594795
0.0621651000977	0.0691370594795
0.0629715576172	0.0691370594795
0.0627288665771	0.0691370594795
0.0627965087891	0.0691370594795
0.0611364440918	0.0691370594795
0.0606850128174	0.0691370594795
0.0594610748291	0.0691370594795
0.0603992156982	0.0691370594795
0.0619540100098	0.0691370594795
0.0627760162354	0.0691370594795
0.0633328399658	0.0691370594795
0.0632402191162	0.0691370594795
0.0622562255859	0.0691370594795
0.0643980865479	0.0691370594795
0.0688941955566	0.0691370594795
0.070019317627	0.0691370594795
0.0666739196777	0.0691370594795
0.0666900634766	0.0691370594795
0.0665201721191	0.0691370594795
0.0668793487549	0.0691370594795
0.0655880737305	0.0691370594795
0.0662569122314	0.0691370594795
0.0665595703125	0.0691370594795
0.064878112793	0.0691370594795
0.0644151916504	0.0691370594795
0.0653244781494	0.0691370594795
0.0652263336182	0.0691370594795
0.0651200256348	0.0691370594795
0.06514012146	0.0691370594795
0.0647768249512	0.0691370594795
0.0636400909424	0.0691370594795
0.0637303009033	0.0691370594795
0.0634671630859	0.0691370594795
0.0628697052002	0.0691370594795
0.0628115844727	0.0691370594795
0.0619651184082	0.0691370594795
0.0607083435059	0.0691370594795
0.0610406799316	0.0691370594795
0.0610935821533	0.0691370594795
0.0602080993652	0.0691370594795
0.0610534973145	0.0691370594795
0.0604992675781	0.0691370594795
0.0606492462158	0.0691370594795
0.0594267272949	0.0691370594795
0.0586994018555	0.0691370594795
0.0592611236572	0.0691370594795
0.0590998687744	0.0691370594795
0.0583367462158	0.0691370594795
0.0575774230957	0.0691370594795
0.0575774993896	0.0691370594795
0.0575707092285	0.0691370594795
0.0571669616699	0.0691370594795
0.0560067138672	0.0691370594795
0.0555049743652	0.0691370594795
0.0559594421387	0.0691370594795
0.0569068603516	0.0691370594795
0.0582764892578	0.0691370594795
0.0586095581055	0.0691370594795
0.0585497131348	0.0691370594795
0.0590128173828	0.0691370594795
0.0588288269043	0.0691370594795
0.0581277770996	0.0691370594795
0.0577736053467	0.0691370594795
0.0572587280273	0.0691370594795
0.0573118438721	0.0691370594795
0.0576530151367	0.0691370594795
0.0576795654297	0.0691370594795
0.0584614562988	0.0691370594795
0.0577581329346	0.0691370594795
0.0582216644287	0.0691370594795
0.0572909851074	0.0691370594795
0.0565240783691	0.0691370594795
0.0561679534912	0.0691370594795
0.0559865112305	0.0691370594795
0.0577124328613	0.0691370594795
0.0579197692871	0.0691370594795
0.0578376617432	0.0691370594795
0.0559980316162	0.0691370594795
0.0564165496826	0.0691370594795
0.057270111084	0.0691370594795
0.0580072174072	0.0691370594795
0.0580522003174	0.0691370594795
0.0568785858154	0.0691370594795
0.0559734344482	0.0691370594795
0.0554912719727	0.0691370594795
0.0550235443115	0.0691370594795
0.0546387634277	0.0691370594795
0.0544324035645	0.0691370594795
0.0557857666016	0.0691370594795
0.0560948486328	0.0691370594795
0.0568593292236	0.0691370594795
0.0572703552246	0.0691370594795
0.0571603393555	0.0691370594795
0.0575015411377	0.0691370594795
0.0574109344482	0.0691370594795
0.057717376709	0.0691370594795
0.0577197418213	0.0691370594795
0.0580570220947	0.0691370594795
0.0578431396484	0.0691370594795
0.0582839202881	0.0691370594795
0.0591389160156	0.0691370594795
0.0593783569336	0.0691370594795
0.0598558654785	0.0691370594795
0.0600445861816	0.0691370594795
0.0595723876953	0.0691370594795
0.0590032501221	0.0691370594795
0.0592721557617	0.0691370594795
0.0593446502686	0.0691370594795
0.0593571014404	0.0691370594795
0.0596195526123	0.0691370594795
0.0601193237305	0.0691370594795
0.0590438995361	0.0691370594795
0.0584011383057	0.0691370594795
0.0855911712646	0.0691370594795
0.0870543212891	0.0691370594795
0.086930267334	0.0691370594795
0.0882372741699	0.0691370594795
0.0887031555176	0.0691370594795
0.0878918304443	0.0691370594795
0.0879754333496	0.0691370594795
0.0888269958496	0.0691370594795
0.0888693237305	0.0691370594795
0.0900189056396	0.0691370594795
0.0897010650635	0.0691370594795
0.0881452941895	0.0691370594795
0.0879626617432	0.0691370594795
0.0892999725342	0.0691370594795
0.0884305877686	0.0691370594795
0.0889822387695	0.0691370594795
0.0899125366211	0.0691370594795
0.090313293457	0.0691370594795
0.0908311157227	0.0691370594795
0.0913750610352	0.0691370594795
0.0912231445313	0.0691370594795
0.0910975494385	0.0691370594795
0.0915212554932	0.0691370594795
0.0908715209961	0.0691370594795
0.0914898986816	0.0691370594795
0.0920882415771	0.0691370594795
0.0921097869873	0.0691370594795
0.0927881774902	0.0691370594795
0.0944206237793	0.0691370594795
0.097161529541	0.0691370594795
0.0979274597168	0.0691370594795
0.0965169525146	0.0691370594795
0.0933441772461	0.0691370594795
0.0795805664062	0.0691370594795
0.078728729248	0.0691370594795
0.0790714263916	0.0691370594795
0.0798968200684	0.0691370594795
0.0798843231201	0.0691370594795
0.0790105285645	0.0691370594795
0.0797273864746	0.0691370594795
0.0795773162842	0.0691370594795
0.106421829224	0.0691370594795
0.167673156738	0.242632232666
0.221596679687	0.242632232666
0.269984115601	0.242632232666
0.311274978638	0.242632232666
0.344263595581	0.368084716797
0.374391799927	0.368084716797
0.385598754883	0.368084716797
0.401115921021	0.413658274333
0.414785110474	0.413658274333
0.425073791504	0.413658274333
0.437996109009	0.444024154663
0.450052200317	0.444024154663
0.462552520752	0.468160787354
0.474989395142	0.468160787354
0.473061004639	0.468160787354
0.471799423218	0.468160787354
0.471584350586	0.468160787354
0.470608795166	0.468160787354
0.469972457886	0.468160787354
0.470681411743	0.468160787354
0.4705390625	0.468160787354
0.471422866821	0.468160787354
0.471052108765	0.468160787354
0.4706796875	0.468160787354
0.469764862061	0.468160787354
0.469367248535	0.468160787354
0.468273971558	0.468160787354
0.469414993286	0.468160787354
0.468631118774	0.468160787354
0.467898529053	0.468160787354
0.472427261353	0.468160787354
0.465525436401	0.468160787354
0.466593582153	0.468160787354
0.466152206421	0.468160787354
0.471899734497	0.468160787354
0.471209686279	0.468160787354
0.470669387817	0.468160787354
0.470467880249	0.468160787354
0.468229187012	0.468160787354
0.467878250122	0.468160787354
0.467230728149	0.468160787354
0.466639465332	0.468160787354
0.466889053345	0.468160787354
0.466823120117	0.468160787354
0.468761566162	0.468160787354
0.466493499756	0.468160787354
0.462144119263	0.468160787354
0.464129562378	0.468160787354
0.465541915894	0.468160787354
0.465586471558	0.468160787354
0.465365966797	0.468160787354
0.463988098145	0.468160787354
0.464092819214	0.468160787354
0.467022232056	0.468160787354
0.469302185059	0.468160787354
0.470443328857	0.468160787354
0.470507522583	0.468160787354
0.468745773315	0.468160787354
0.463704803467	0.468160787354
0.462944625854	0.468160787354
0.463821640015	0.468160787354
0.464514450073	0.468160787354
0.752569549561	0.739555163574
0.744235427856	0.739555163574
0.73987336731	0.739555163574
0.741733673096	0.739555163574
0.737103210449	0.739555163574
0.738571487427	0.739555163574
0.737801040649	0.739555163574
0.738329818726	0.739555163574
0.733031814575	0.739555163574
0.732302246094	0.739555163574
0.726152801514	0.720533315023
0.725777130127	0.720533315023
0.720618453979	0.720533315023
0.72235760498	0.720533315023
0.714464263916	0.720533315023
0.71382963562	0.720533315023
0.709092315674	0.698140314542
0.706496078491	0.698140314542
0.700367019653	0.698140314542
0.705970062256	0.698140314542
0.706297897339	0.698140314542
0.706472366333	0.698140314542
0.707290237427	0.698140314542
0.706162338257	0.698140314542
0.706425872803	0.698140314542
0.704059677124	0.698140314542
0.700969207764	0.698140314542
0.700765319824	0.698140314542
0.699882385254	0.698140314542
0.696556381226	0.698140314542
0.690355560303	0.698140314542
0.691085739136	0.698140314542
0.69334513855	0.698140314542
0.693368301392	0.698140314542
0.691871871948	0.698140314542
0.693167221069	0.698140314542
0.693773986816	0.698140314542
0.691379241943	0.698140314542
0.689021255493	0.698140314542
0.688937026978	0.698140314542
0.690853485107	0.698140314542
0.687682189941	0.698140314542
0.686111312866	0.676077419281
0.68487953186	0.676077419281
0.684693161011	0.676077419281
0.684150482178	0.676077419281
0.683360977173	0.676077419281
0.68359928894	0.676077419281
0.68164302063	0.676077419281
0.681339279175	0.676077419281
0.676553222656	0.676077419281
0.678960739136	0.676077419281
0.673389129639	0.676077419281
0.672311309814	0.676077419281
0.668910598755	0.676077419281
0.669755935669	0.676077419281
0.669161773682	0.676077419281
0.668563568115	0.676077419281
0.669430557251	0.676077419281
0.670653030396	0.676077419281
0.667229888916	0.676077419281
0.666851577759	0.676077419281
