0.38059526062
0.380652587891
0.38067388916
0.380663101196
0.380660568237
0.38057484436
0.380768920898
0.380791275024
0.380782226562
0.380875900269
0.381082565308
0.381212661743
0.381462219238
0.382064346313
0.383342651367
0.385531356812
0.386043014526
0.388345489502
0.39105090332
0.393876358032
0.394693908691
0.397173461914
0.398744598389
0.397890838623
0.393564041138
0.394577392578
0.396311904907
0.396243301392
0.398123077393
0.396090667725
0.394294845581
0.386412734985
0.387391921997
0.391815551758
0.391836730957
0.394563110352
0.395136062622
0.393520248413
0.382828521729
0.383827850342
0.385353759766
0.385343048096
0.387005310059
0.388155319214
0.389243270874
0.388897735596
0.385881225586
0.38245262146
0.381446868896
0.382423706055
0.382770095825
0.383288772583
0.382983337402
0.383786239624
0.384623687744
0.384213546753
0.3848409729
0.385772323608
0.386281936646
0.386121856689
0.384236679077
0.382538497925
0.382461502075
0.380015090942
0.376571502686
0.369549438477
0.369212051392
0.368177429199
0.36703024292
0.366755340576
0.364007263184
0.360477630615
0.35724760437
0.357320785522
0.355748123169
0.356041152954
0.357608856201
0.357522689819
0.359338302612
0.3632449646
0.363629653931
0.371552841187
0.379058792114
0.38444644165
0.384166427612
0.38075050354
0.377443908691
0.376381149292
0.376423156738
0.376216217041
0.375908447266
0.375681335449
0.375470840454
0.375324737549
0.375340957642
0.376367141724
0.376903762817
0.376890701294
0.377073181152
0.377407836914
0.377605010986
0.377704116821
0.377688919067
0.377737579346
0.377842926025
0.377850326538
0.377846176147
0.378104324341
0.378090499878
0.378251113892
0.378544631958
0.378763900757
0.379056915283
0.379183639526
0.379338943481
0.37939225769
0.379459182739
0.379416656494
0.379504104614
0.379534011841
0.380038345337
0.380073822021
0.38018321228
0.380191253662
0.380141647339
0.379952606201
0.379937606812
0.380054519653
0.380403747559
0.380478713989
0.380578964233
0.380490158081
0.38047807312
0.380539474487
0.380631149292
0.380532409668
0.380708435059
0.380727294922
0.380622970581
0.380417480469
0.380365310669
0.38020362854
0.38038861084
0.380399932861
0.380461425781
0.380402313232
0.380313400269
0.380237503052
0.380203674316
0.380197601318
0.380031921387
0.379988815308
0.379624633789
0.379485809326
0.379368377686
0.379255065918
0.379249588013
0.379246032715
0.37922756958
0.379150268555
0.378825668335
0.378853683472
0.37883694458
0.378811645508
0.37856729126
0.378446029663
0.378351257324
0.378321411133
0.378224304199
0.378183685303
0.378228805542
0.378240661621
0.378045043945
0.37790852356
0.377750244141
0.377744674683
0.37750617981
0.377475311279
0.37754574585
0.377461898804
0.377212646484
0.377223892212
0.37742590332
0.377535797119
0.37772984314
0.377701217651
0.377596221924
0.377592544556
0.37769480896
0.377772232056
0.377740509033
0.377628448486
0.377328430176
0.37709362793
0.376904769897
0.376219558716
0.374462966919
0.372758026123
0.372412368774
0.371172134399
0.37038520813
0.370329681396
0.370507843018
0.370891586304
0.371465072632
0.371535202026
0.371358978271
0.371275512695
0.371148193359
0.37132333374
0.371413635254
0.371503952026
0.371409790039
0.371741210937
0.37169128418
0.371643783569
0.371612701416
0.371954833984
0.372137374878
0.372204147339
0.372266921997
0.37241317749
0.372335006714
0.372277084351
0.372433990479
0.372482757568
0.372424850464
0.372306900024
0.372392242432
0.372386947632
0.372445159912
0.372439025879
0.371995285034
0.371951843262
0.372014602661
0.371905059814
0.371845046997
0.371824554443
0.37169744873
0.371549468994
0.371545516968
0.371449142456
0.371554702759
0.371529403687
0.371577697754
0.371499649048
0.371531539917
0.37142326355
0.371157928467
0.370933685303
0.37082484436
0.370763504028
0.370720687866
0.37064012146
0.370742019653
0.37069934082
0.370561706543
0.370458755493
0.370426727295
0.370475189209
0.370428314209
0.370250320435
0.370217407227
0.370190216064
0.370120361328
0.370135055542
0.37019960022
0.370513183594
0.370466873169
0.370422775269
0.370384124756
0.370485778809
0.3704740448
0.370449234009
0.370407867432
0.370553466797
0.370699859619
0.370595046997
0.370323501587
0.370398620605
0.370537490845
0.37057901001
0.370651077271
0.370635559082
0.370859405518
0.371170806885
0.371719009399
0.372411193848
0.372859725952
0.372780212402
0.37280921936
0.372931900024
0.373361953735
0.373430023193
0.373419250488
0.373454025269
0.373406661987
0.373438522339
0.373542602539
0.373661376953
0.373938018799
0.373993911743
0.373826980591
0.373820526123
0.373839797974
0.373803329468
0.373625762939
0.373544372559
0.373583969116
0.373156845093
0.373124359131
0.373081375122
0.373284439087
0.373143844604
0.373245483398
0.373123977661
0.372895690918
0.373016616821
0.372910140991
0.373014923096
0.373690597534
0.373809204102
0.373708374023
0.374022293091
0.374125305176
0.374237121582
0.374073791504
0.374267105103
0.374461990356
0.374479385376
0.37441242981
0.374513305664
0.37464642334
0.374628005981
0.374523864746
0.374287445068
0.374305953979
0.374105026245
0.374118789673
0.373875946045
0.373823654175
0.37366998291
0.373375564575
0.373407485962
0.373334671021
0.373343536377
0.373457473755
0.373497772217
0.37337387085
0.372491104126
0.372234588623
0.372398300171
0.370854507446
0.367652450562
0.367783508301
0.363417160034
0.358093978882
0.353183898926
0.353738143921
0.360797805786
0.363364059448
0.364063934326
0.364681747437
0.365325469971
0.367120223999
0.367581314087
0.368989349365
0.369024963379
0.369069610596
0.368634872437
0.369585693359
0.370620285034
0.370742599487
0.371428405762
0.371330474854
0.370810119629
0.370766586304
0.36961756897
0.367916717529
0.367905258179
0.368198425293
0.376326721191
0.382009002686
0.382181091309
0.387516906738
0.380014755249
0.378506103516
0.377029220581
0.376274398804
0.375490432739
0.375164901733
0.375010696411
0.374740646362
0.374807495117
0.374489044189
0.374336868286
0.374416625977
0.374164932251
0.374078094482
0.373949035645
0.373830596924
0.373731231689
0.373647125244
0.373344024658
0.373210739136
0.373285446167
0.373217254639
0.37322644043
0.373001052856
0.372868347168
0.372524536133
0.37231539917
0.371291549683
0.371462982178
0.371167007446
0.371056777954
0.371008728027
0.37082975769
0.370803771973
0.370697463989
0.370684555054
0.370470108032
0.370378814697
0.370075073242
0.369714675903
0.369519851685
0.369414642334
0.368133728027
0.367330368042
0.367199584961
0.365889724731
0.364733352661
0.363940200806
0.363646469116
0.363055664063
0.362515258789
0.362420120239
0.36207951355
0.361891769409
0.361746566772
0.361884567261
0.361842132568
0.361848220825
0.361928085327
0.36213092041
0.362541244507
0.362954238892
0.36324180603
0.363288497925
0.363436462402
0.36360369873
0.36379119873
0.363887390137
0.364020080566
0.36417250061
0.364438522339
0.36510194397
0.365323379517
0.366184402466
0.366949249268
0.367352157593
0.367628250122
0.36784552002
0.368220870972
0.37073739624
0.370986602783
0.371226348877
0.37124156189
0.371470794678
0.371735916138
0.371956192017
0.372037063599
0.372258758545
0.372523086548
0.372834564209
0.372965805054
0.373113098145
0.372872695923
0.372930587769
0.372918151855
0.372792892456
0.373058944702
0.373083892822
0.373134140015
0.373127258301
0.373213684082
0.373189880371
0.372883804321
0.372255050659
0.371883880615
0.371575378418
0.371482925415
0.371246017456
0.371181671143
0.370894226074
0.370727600098
0.370440551758
0.370261901855
0.370036148071
0.369846099854
0.369735977173
0.369688400269
0.369565078735
0.369446990967
0.369343185425
0.36937562561
0.369430206299
0.369482345581
0.369472045898
0.369612991333
0.369772247314
0.369923461914
0.369982803345
0.369945755005
0.37001574707
0.370178359985
0.370314682007
0.370461288452
0.370558837891
0.370647216797
0.371000198364
0.370989501953
0.371117858887
0.371306182861
0.37178414917
0.371817977905
0.371846984863
0.372019958496
0.372128936768
0.372294464111
0.372425430298
0.372437713623
0.372483322144
0.372513076782
0.372732391357
0.372903579712
0.373122894287
0.373099655151
0.373063751221
0.372990951538
0.372906600952
0.372897521973
0.372987197876
0.373031295776
0.372822952271
0.372823944092
0.372575256348
0.37261366272
0.372471084595
0.372081863403
0.371775177002
0.371833511353
0.371853134155
0.371970077515
0.372086288452
0.37214491272
0.372045043945
0.371938293457
0.37183770752
0.371873413086
0.372009094238
0.372108703613
0.372369842529
0.372614608765
0.372724945068
0.372863082886
0.373042388916
0.373550720215
0.373438308716
0.373385177612
0.373370376587
0.373211715698
0.373329391479
0.374121337891
0.374381622314
0.374271514893
0.373977432251
0.373826461792
0.373996002197
0.37419543457
0.374207427979
0.374543289185
0.374548126221
0.374007644653
0.372810836792
0.372258102417
0.37217489624
0.371233261108
0.369575180054
0.369405776978
0.36760244751
0.365528747559
0.362481124878
0.362470199585
0.359773239136
0.357487731934
0.357452224731
0.355609893799
0.361838531494
0.362944503784
0.364266204834
0.364007003784
0.363604476929
0.363794021606
0.36187437439
0.361245040894
0.360624099731
0.360703872681
0.359614181519
0.358341156006
0.357516998291
0.357574615479
0.356970108032
0.356364547729
0.356336349487
0.356489028931
0.359327713013
0.361778961182
0.362705490112
0.363188369751
0.363600311279
0.364163085938
0.364551818848
0.364917510986
0.365541183472
0.365670501709
0.365646514893
0.365843154907
0.365913314819
0.366246673584
0.366406417847
0.366475067139
0.36655607605
0.366565185547
0.366786346436
0.366807830811
0.366830963135
0.366845245361
0.366999038696
0.367095703125
0.367154708862
0.367156692505
0.367193969727
0.367285934448
0.367663543701
0.367795074463
0.367937591553
0.368169006348
0.368349853516
0.368433837891
0.368535690308
0.368560394287
0.368471374512
0.368588546753
0.368662643433
0.368858612061
0.368646774292
0.368650543213
0.368630615234
0.368608016968
0.368491699219
0.368330001831
0.368322402954
0.368403411865
0.368177047729
0.368212463379
0.36822479248
0.368076324463
0.368148208618
0.368068847656
0.368011535645
0.368061096191
0.368091262817
0.368137908936
0.368103744507
0.368063446045
0.367975784302
0.367810211182
0.367650588989
0.367595611572
0.367535629272
0.367567077637
0.367582702637
0.367692596436
0.367633911133
0.367581924438
0.367545822144
0.367536102295
0.36732069397
0.367305435181
0.367337692261
0.367298217773
0.367333297729
0.367303115845
0.367268035889
0.367335372925
0.366312011719
0.366332244873
0.366406463623
0.366466903687
0.366385437012
0.366509002686
0.366511199951
0.366408111572
0.366626464844
0.366511016846
0.36667678833
0.366672470093
0.3667631073
0.366902633667
0.366847885132
0.366866500854
0.367023223877
0.367350952148
0.367452377319
0.367504577637
0.367601821899
0.367720825195
0.367794692993
0.367979095459
0.368196884155
0.368222930908
0.368212173462
0.36842918396
0.368483779907
0.368742111206
0.368783859253
0.368984054565
0.369169876099
0.369228805542
0.369334381104
0.369342514038
0.369381454468
0.369159713745
0.368930160522
0.369046340942
0.368608261108
0.368659744263
0.368580780029
0.368488235474
0.368594940186
0.36865296936
0.368591262817
0.368410461426
0.368054336548
0.36824961853
0.368242156982
0.368070632935
0.367926071167
0.367771575928
0.367771560669
0.367755187988
0.36775177002
0.367580688477
0.367432052612
0.367197814941
0.366687179565
0.366645568848
0.366515899658
0.366497879028
0.366321212769
0.366340286255
0.366400741577
0.366345062256
0.366301940918
0.366297576904
0.366231628418
0.366167816162
0.366240661621
0.366385543823
0.366340789795
0.366313980103
0.366140350342
0.366090560913
0.366054153442
0.366197219849
0.366282531738
0.366541976929
0.366432434082
0.366718933105
0.366673812866
0.366846130371
0.367261825562
0.36748274231
0.367801879883
0.367927627563
0.368221710205
0.36862890625
0.369039672852
0.369211730957
0.369704025269
0.370547698975
0.37131993103
0.371910018921
0.372096572876
0.372278884888
0.372479705811
0.372728622437
0.373134063721
0.373220214844
0.374785308838
0.376701812744
0.378642349243
0.378917205811
0.379964080811
0.380845809937
0.380921920776
0.381044006348
0.380721481323
0.380195526123
0.380484100342
0.380749130249
0.38132623291
0.381375061035
0.381833480835
0.382148361206
0.382583068848
0.382601211548
0.382911224365
0.383014953613
0.382946731567
0.383195114136
0.383276184082
0.383365447998
0.383411300659
0.383267456055
0.383258209229
0.383226364136
0.383172943115
0.383020629883
0.382788116455
0.382616104126
0.381769592285
0.380895523071
0.380199707031
0.380240509033
0.379740097046
0.379173187256
0.378814483643
0.378013900757
0.377767929077
0.377873382568
0.377754638672
0.377662765503
0.377176513672
0.377008575439
0.376844619751
0.376754165649
0.376897415161
0.377019332886
0.376700256348
0.376486099243
0.376311157227
0.376007583618
0.375171051025
0.374913909912
0.374680282593
0.374929031372
0.374764709473
0.374468963623
0.374344467163
0.374083602905
0.373983291626
0.374114028931
0.374182357788
0.374476577759
0.374539581299
0.374599884033
0.374666732788
0.374677093506
0.374707519531
0.374900878906
0.375481536865
0.375659484863
0.375843063354
0.37598777771
0.375745651245
0.375652709961
0.375799743652
0.376412384033
0.376379776001
0.37638671875
0.375911529541
0.374188934326
0.373446426392
0.373649032593
0.373022277832
0.372556503296
0.372612609863
0.372130065918
0.372104446411
0.37188885498
0.372082214355
0.371964508057
0.372029541016
0.371987579346
0.371982147217
0.371862838745
0.371655593872
0.37165586853
0.371762268066
0.372286849976
0.372130081177
0.372693862915
0.372943847656
0.373280319214
0.373070098877
0.373570465088
0.373493835449
0.373293762207
0.372990707397
0.373003662109
0.373090774536
0.372947433472
0.373242401123
0.372394775391
0.37184413147
0.37158430481
0.372169540405
0.372960128784
0.37282270813
0.373445327759
0.374139755249
0.374825973511
0.37494078064
0.375305618286
0.376134963989
0.376034286499
0.377525100708
0.379341217041
0.381173049927
0.381522094727
0.382313735962
0.371456130981
0.371466720581
0.370877655029
0.372024688721
0.37350100708
0.37368208313
0.375029266357
0.376321578979
0.37728326416
0.377414962769
0.378677154541
0.37972492981
0.379876205444
0.38009463501
0.380274917603
0.38054510498
0.38059664917
0.380679992676
0.380560638428
0.380813552856
0.380666122437
0.380701843262
0.380725341797
0.380585723877
0.380764892578
0.380836669922
0.380969207764
0.381195587158
0.38129536438
0.381538772583
0.381661376953
0.381736602783
0.382382095337
0.382849594116
0.382900466919
0.383257034302
0.383696151733
0.383683654785
0.384096221924
0.38426385498
0.384304748535
0.384379165649
0.384433914185
0.384499160767
0.384489440918
0.384755264282
0.385369338989
0.385573654175
0.385659729004
0.385770523071
0.385814926147
0.385925628662
0.385902740479
0.385876296997
0.385947937012
0.386243972778
0.386353897095
0.386435546875
0.386616668701
0.386696807861
0.386731506348
0.386722732544
0.386727539063
0.386558258057
0.386364364624
0.385998153687
0.385992370605
0.385707550049
0.385607910156
0.385435058594
0.385097991943
0.384957489014
0.384863647461
0.384869796753
0.384900253296
0.384864837646
0.384948928833
0.38477784729
0.384522903442
0.384153793335
0.384140457153
0.384192184448
0.384107116699
0.383913543701
0.38394644165
0.38398500061
0.383983810425
0.383830932617
0.383763534546
0.383791854858
0.383617156982
0.383514190674
0.383599197388
0.383401626587
0.383453918457
0.383295288086
0.383058639526
0.382643966675
0.382540405273
0.382200027466
0.382026092529
0.381960662842
0.381860107422
0.381758728027
0.381674209595
0.381658477783
0.381552001953
0.381750335693
0.381769729614
0.381814605713
0.381782623291
0.381934555054
0.381891952515
0.38195501709
0.382045501709
0.381726119995
0.381803634644
0.38208543396
0.382188842773
0.382272842407
0.382287261963
0.382342880249
0.382313262939
0.38253175354
0.382484100342
0.382276031494
0.382286209106
0.382230987549
0.382115600586
0.382018356323
0.381951507568
0.381883621216
0.381851364136
0.381904449463
0.382006881714
0.382234771729
0.382411178589
0.382541793823
0.382613311768
0.382655349731
0.382869049072
0.382865158081
0.38283303833
0.382881454468
0.382950271606
0.382981933594
0.383014602661
0.383102371216
0.383069030762
0.383099853516
0.383002838135
0.382980209351
0.382986846924
0.38301461792
0.383113006592
0.383044921875
0.383092376709
0.383013916016
0.383010696411
0.383013214111
0.383171600342
0.383177688599
0.383279724121
0.383465560913
0.383659683228
0.383442260742
0.383645217896
0.384101089478
0.383940658569
0.383891937256
0.383793319702
0.383570129395
0.383599243164
0.383394271851
0.383136947632
0.382278182983
0.382176376343
0.382076263428
0.382107879639
0.381928878784
0.381937576294
0.381891891479
0.381740783691
0.381597396851
0.381591995239
0.381525970459
0.381528686523
0.381420013428
0.381457931519
0.381465515137
0.381392593384
0.381421295166
0.381266296387
0.381231399536
0.381286697388
0.381423355103
0.381369049072
0.381366882324
0.381516326904
0.38149710083
0.381562606812
0.381698013306
0.381764602661
0.381815612793
0.381815124512
0.381718505859
0.381758758545
0.381891174316
0.38202180481
0.382060775757
0.382182830811
0.382309326172
0.382346740723
0.38233581543
0.382423202515
0.382468826294
0.382531600952
0.382582000732
0.382787460327
0.383075515747
0.383218490601
0.383329864502
0.383353256226
0.383274658203
0.383298873901
0.383344650269
0.383344650269
0.384197998047
0.384252944946
0.384322296143
0.384259216309
0.384319000244
0.384326126099
0.384316238403
0.3841355896
0.384348205566
0.384081710815
0.384056228638
0.384017837524
0.384083465576
0.384047149658
0.383994750977
0.383708770752
0.383524993896
0.383531326294
0.383517059326
0.383621566772
0.383360366821
0.383442565918
0.38321963501
0.383231750488
0.382920944214
0.382843444824
0.382755523682
0.382511917114
0.382395339966
0.382084747314
0.38191065979
0.3817734375
0.381424346924
0.381365264893
0.381132568359
0.381075195313
0.380876190186
0.380628723145
0.380473846436
0.380427642822
0.38047428894
0.380667526245
0.380622085571
0.380546142578
0.380320205688
0.38018421936
0.380190338135
0.380073867798
0.37992364502
0.379958068848
0.380012191772
0.380040847778
0.380002639771
0.380109970093
0.380289413452
0.38056211853
0.380935531616
0.380765655518
0.380802749634
0.380662796021
0.380761154175
0.380828735352
0.381133666992
0.381190826416
0.381168884277
0.381266708374
0.381342453003
0.381305435181
0.381306243896
0.381514465332
0.381471557617
0.381713348389
0.381966674805
0.382163513184
0.382159133911
0.382190704346
0.382297088623
0.382326477051
0.382425094604
0.382564880371
0.382884338379
0.382957565308
0.383025009155
0.383414428711
0.383589767456
0.38373916626
0.383826248169
0.383949707031
0.383947906494
0.383938140869
0.38378805542
0.383846679688
0.383751556396
0.383864181519
0.383883728027
0.383880142212
0.383817459106
0.383849655151
0.383791931152
0.383810684204
0.383891189575
0.383904876709
0.383859863281
0.383844406128
0.383707351685
0.383594818115
0.38330770874
0.3831927948
0.383092254639
0.383016967773
0.382727996826
0.382486785889
0.381783737183
0.381590835571
0.381247436523
0.381121627808
0.38087739563
0.380641723633
0.380307373047
0.379934387207
0.378881790161
0.379012268066
0.378921234131
0.378813964844
0.378611236572
0.378510940552
0.37846836853
0.378345077515
0.378279403687
0.378239532471
0.37794708252
0.377825790405
0.377674591064
0.377578384399
0.377512039185
0.377285858154
0.377701171875
0.377881866455
0.378051773071
0.37807434082
0.378056671143
0.37800378418
0.378140472412
0.378232650757
0.378272750854
0.378386550903
0.378745925903
0.378982513428
0.37941847229
0.379788665771
0.380288635254
0.380690505981
0.381140670776
0.381280395508
0.381691329956
0.381887786865
0.382249588013
0.383324310303
0.383785247803
0.384073074341
0.384371810913
0.384355895996
0.38462260437
0.384690658569
0.384778244019
0.384917877197
0.385036941528
0.385243881226
0.385818817139
0.385697891235
0.38565447998
0.385603210449
0.385503128052
0.385455337524
0.384952102661
0.384291015625
0.383243850708
0.383132476807
0.382348510742
0.381047836304
0.380092315674
0.379354217529
0.378626251221
0.377794189453
0.377360061646
0.376603744507
0.375659576416
0.375062210083
0.37365562439
0.371889312744
0.370781097412
0.370356964111
0.369426071167
0.369028778076
0.368656646729
0.36813684082
0.367733840942
0.367217163086
0.366812591553
0.363671325684
0.359076721191
0.357312561035
0.357208465576
0.357107391357
0.364207305908
0.365205459595
0.364283706665
0.36216255188
0.361172210693
0.361398284912
0.359820526123
0.359068374634
0.359155059814
0.358321304321
0.357886886597
0.357651184082
0.35768850708
0.358042175293
0.35819140625
0.358291091919
0.358349594116
0.358218902588
0.35874659729
0.358847915649
0.361013427734
0.36382472229
0.367012374878
0.367181015015
0.369917266846
0.37751789856
0.377552230835
0.381234115601
0.385482803345
0.376793243408
0.374561019897
0.371553359985
0.371110321045
0.370885391235
0.370536895752
0.370673706055
0.371244644165
0.371106491089
0.371899963379
0.372467315674
0.372594284058
0.372976699829
0.372819839478
0.373110015869
0.373147720337
0.373881103516
0.374388015747
0.374798919678
0.374864852905
0.374801757813
0.374393432617
0.374394775391
0.374773666382
0.37499710083
0.374915725708
0.374921417236
0.374842041016
0.374919631958
0.374953659058
0.375052429199
0.375202407837
0.375244949341
0.375177429199
0.374996795654
0.375039489746
0.375032867432
0.375080215454
0.375104568481
0.37490814209
0.374943862915
0.374946685791
0.374929504395
0.374991149902
0.37487437439
0.374653671265
0.374735733032
0.374698425293
0.374753479004
0.374900253296
0.374892623901
0.374963272095
0.374935745239
0.374938323975
0.374943466187
0.374876571655
0.374641998291
0.374412689209
0.374293182373
0.373877990723
0.374016860962
0.374081085205
0.374133499146
0.374471664429
0.374453567505
0.374400970459
0.374489151001
0.374345901489
0.374289352417
0.374349868774
0.374291625977
0.374151794434
0.374083999634
0.374135314941
0.373935653687
0.374044372559
0.373986999512
0.373921096802
0.373839385986
0.373776885986
0.373845779419
0.373895690918
0.373941040039
0.373962097168
0.373873184204
0.373871932983
0.373874389648
0.373877197266
0.37403314209
0.374132293701
0.37422114563
0.374316146851
0.374442672729
0.374569000244
0.3746277771
0.374553024292
0.374555923462
0.37467401123
0.37465512085
0.374701690674
0.374740509033
0.374724380493
0.374884292603
0.37506628418
0.374909713745
0.375159698486
0.375334823608
0.375414260864
0.375518997192
0.375558151245
0.375695907593
0.375649169922
0.375677459717
0.37566192627
0.375642593384
0.375602371216
0.375556991577
0.375561096191
0.375538619995
0.375445388794
0.375556838989
0.375679504395
0.37569859314
0.37565071106
0.37553112793
0.375435165405
0.375479919434
0.375473724365
0.37545526123
0.375385223389
0.375371780396
0.375255752563
0.375079879761
0.375036193848
0.374952575684
0.37472277832
0.374772201538
0.374550369263
0.374621231079
0.374226913452
0.374130477905
0.374100891113
0.373960235596
0.37379850769
0.373725006104
0.373686859131
0.373614837646
0.373574890137
0.373470962524
0.37348097229
0.373327438354
0.373396789551
0.373263793945
0.373230224609
0.373160324097
0.373230743408
0.373232925415
0.373272628784
0.373076950073
0.373026672363
0.372794616699
0.372697402954
0.372558303833
0.372601882935
0.37265625
0.372753143311
0.372714904785
0.372741149902
0.372733627319
0.372696044922
0.372656066895
0.372652999878
0.372769088745
0.372849090576
0.372953353882
0.373247451782
0.373479049683
0.373711013794
0.373837203979
0.374139480591
0.374343582153
0.374415710449
0.374467254639
0.374789978027
0.374986343384
0.37509538269
0.375173324585
0.375425872803
0.375655609131
0.375989257813
0.376197372437
0.376576980591
0.376688293457
0.37673664856
0.37695892334
0.377134719849
0.377266616821
0.377351882935
0.377349014282
0.37728276062
0.377283508301
0.377139572144
0.377345672607
0.377348678589
0.377289093018
0.377178970337
0.377168945313
0.377036056519
0.377159851074
0.376897460938
0.376795974731
0.37692729187
0.376958984375
0.376864181519
0.376673034668
0.376360137939
0.376322494507
0.376176315308
0.376094619751
0.376035629272
0.375954696655
0.375797042847
0.37580696106
0.37554776001
0.375490951538
0.375344665527
0.375166641235
0.374782974243
0.374706680298
0.374715637207
0.374691421509
0.372496734619
0.372559295654
0.372525634766
0.372503875732
0.372432159424
0.372287124634
0.372185211182
0.372199432373
0.37231161499
0.37228868103
0.372254226685
0.372268676758
0.372332061768
0.372346954346
0.372469833374
0.372398193359
0.37249105835
0.372783630371
0.372770614624
0.372900222778
0.373073410034
0.373089004517
0.373118881226
0.373176574707
0.373507537842
0.373656158447
0.373648925781
0.373606719971
0.373649475098
0.373695678711
0.373582626343
0.373636749268
0.37392805481
0.373963638306
0.373790008545
0.373942306519
0.374006546021
0.374080108643
0.373918075562
0.373884750366
0.373904373169
0.372862792969
0.371973480225
0.370491256714
0.370862533569
0.368192596436
0.365338119507
0.365283340454
0.361302886963
0.364343963623
0.364385391235
0.365081466675
0.363418502808
0.362612762451
0.361969314575
0.362169998169
0.360922515869
0.359842834473
0.359929168701
0.359837585449
0.360391891479
0.361012191772
0.361134353638
0.361720108032
0.362884353638
0.362858139038
0.363484390259
0.364279083252
0.365075439453
0.365160354614
0.365694259644
0.365767837524
0.365402313232
0.365922668457
0.366317855835
0.366682159424
0.366641891479
0.366891998291
0.366908569336
0.366553924561
0.366566894531
0.367021591187
0.368123947144
0.368271026611
0.36952822876
0.371458175659
0.373639022827
0.373703979492
0.375623703003
0.377269546509
0.377450012207
0.378661254883
0.379685623169
0.376745544434
0.375184783936
0.373262710571
0.37216998291
0.371933532715
0.37152104187
0.371230407715
0.370987258911
0.370938095093
0.370732803345
0.370486068726
0.370377700806
0.370184967041
0.370228347778
0.370337295532
0.370405487061
0.370585266113
0.371037322998
0.371503570557
0.372055023193
0.372372879028
0.373034927368
0.373505249023
0.373965576172
0.374450424194
0.374799987793
0.37517225647
0.376505737305
0.376705688477
0.376924697876
0.37716569519
0.377459182739
0.377666305542
0.377859268188
0.378062606812
0.378239852905
0.378302124023
0.378389541626
0.378228851318
0.378217895508
0.378201980591
0.37816947937
0.378306015015
0.378497589111
0.378433181763
0.378243362427
0.378268203735
0.378075073242
0.377649398804
0.377537384033
0.37745904541
0.377242462158
0.377288146973
0.376851837158
0.376560287476
0.37612286377
0.375778823853
0.375470489502
0.375355773926
0.37462727356
0.374484146118
0.374158157349
0.37365296936
0.37322869873
0.372898406982
0.372707077026
0.3725103302
0.372167022705
0.372077514648
0.372146514893
0.371998184204
0.37184173584
0.371819076538
0.371796539307
0.371761032104
0.371652938843
0.37170135498
0.371809646606
0.371786819458
0.371869796753
0.371926559448
0.37166583252
0.37158996582
0.371583450317
0.372433883667
0.372884674072
0.372912445068
0.373026733398
0.372804733276
0.372460189819
0.372377700806
0.372316650391
0.37223475647
0.372298690796
0.372276535034
0.372434677124
0.372610076904
0.372530258179
0.372585464478
0.372574615479
0.37247795105
0.37262588501
0.372546401978
0.372566635132
0.372463287354
0.372161392212
0.371940475464
0.372017730713
0.372130325317
0.371954467773
0.371989837646
0.372115402222
0.372350875854
0.372663513184
0.37274836731
0.372769958496
0.373126342773
0.37310244751
0.373133422852
0.373296112061
0.372991714478
0.372578887939
0.372660949707
0.372326202393
0.3723465271
0.372445953369
0.372675827026
0.373233779907
0.373366531372
0.373390075684
0.373529083252
0.373269393921
0.373151031494
0.373145965576
0.373055923462
0.373014801025
0.373043319702
0.372651504517
0.371696762085
0.370261901855
0.370275085449
0.370706069946
0.3712552948
0.371130828857
0.371526763916
0.371875305176
0.371810195923
0.37163760376
0.370977828979
0.370653518677
0.370643234253
0.370723327637
0.370987014771
0.371154937744
0.371009124756
0.370318572998
0.369743301392
0.369570632935
0.369067474365
0.368785812378
0.368192687988
0.368198898315
0.368110733032
0.368544799805
0.368839172363
0.368886856079
0.369413696289
0.369573867798
0.369486526489
0.369550170898
0.369547225952
0.369332580566
0.369410049438
0.369520706177
0.369579666138
0.369508468628
0.369441192627
0.369203109741
0.369589141846
0.369457641602
0.369529785156
0.369613098145
0.369747955322
0.36977180481
0.369937973022
0.370053100586
0.370073150635
0.370038787842
0.369219818115
0.36930821228
0.369390594482
0.369695602417
0.370005477905
0.370163925171
0.370562759399
0.3710050354
0.371398513794
0.371436889648
0.372239471436
0.372879501343
0.372931716919
0.373289550781
0.373554046631
0.374170394897
0.374270248413
0.37452520752
0.37469090271
0.374858001709
0.375137878418
0.375648376465
0.376079727173
0.376451477051
0.376842086792
0.376859130859
0.376914230347
0.377050079346
0.377029434204
0.377096572876
0.377262039185
0.37702456665
0.376880767822
0.37686038208
0.376727600098
0.376466873169
0.376286697388
0.376294403076
0.375965744019
0.375242782593
0.374900650024
0.374827026367
0.37436366272
0.373983383179
0.373890731812
0.373511993408
0.372871444702
0.372523345947
0.372447387695
0.37239994812
0.372121078491
0.372152114868
0.371222259521
0.370619796753
0.370036224365
0.36994670105
0.36982321167
0.369567016602
0.369473403931
0.369435012817
0.369387481689
0.369640762329
0.369582046509
0.369582366943
0.369639648438
0.369361495972
0.369330444336
0.369239501953
0.369102096558
0.369097854614
0.369061798096
0.368216690063
0.368259246826
0.36812361145
0.368387390137
0.368685165405
0.368723876953
0.369052185059
0.369014572144
0.368846282959
0.368689834595
0.368634918213
0.368253295898
0.36835949707
0.368246231079
0.368476013184
0.368540786743
0.368481109619
0.368591903687
0.368471374512
0.368537902832
0.368705154419
0.368796722412
0.368914474487
0.368835281372
0.369034255981
0.369184570312
0.369057281494
0.369132293701
0.369112625122
0.369275543213
0.369305801392
0.369335968018
0.369570251465
0.369667190552
0.369762298584
0.369809402466
0.369728713989
0.369894897461
0.369925918579
0.370186248779
0.370256576538
0.370295959473
0.370348236084
0.370505996704
0.370460128784
0.370262268066
0.370124176025
0.369883285522
0.370136825562
0.36990612793
0.369936233521
0.369854614258
0.370163696289
0.370157836914
0.370214065552
0.370079208374
0.370061355591
0.370342895508
0.370733413696
0.370696426392
0.370604064941
0.370860397339
0.370869354248
0.370914901733
0.370860717773
0.370822235107
0.370846191406
0.370867492676
0.37060055542
0.370598953247
0.37024067688
0.369997177124
0.369727462769
0.369707458496
0.369419204712
0.369240524292
0.369146224976
0.369001495361
0.36890612793
0.368716552734
0.368631134033
0.368459487915
0.368275299072
0.368068130493
0.367970932007
0.367833724976
0.367825958252
0.367884719849
0.367726959229
0.367636459351
0.367656188965
0.367559814453
0.367547149658
0.367413665771
0.367336364746
0.367212020874
0.36736126709
0.367519241333
0.367486740112
0.367319625854
0.367576171875
0.367631561279
0.367791290283
0.367618148804
0.367792526245
0.367832489014
0.367854309082
0.367980422974
0.368016571045
0.368095321655
0.368260513306
0.368295425415
0.369222518921
0.369724868774
0.370082321167
0.370422073364
0.37036529541
0.370902801514
0.371438201904
0.371603256226
0.372080764771
0.372795532227
0.373282119751
0.373366622925
0.373610275269
0.37413508606
0.374363265991
0.374399368286
0.374359313965
0.374420852661
0.37440385437
0.37429133606
0.374174514771
0.374221054077
0.374054611206
0.374118881226
0.373906143188
0.373927902222
0.373739379883
0.373673110962
0.373581604004
0.373545043945
0.373895446777
0.373848373413
0.373808609009
0.374020553589
0.373865158081
0.373979370117
0.373953994751
0.373967544556
0.373938415527
0.373847213745
0.373717254639
0.373749816895
0.373716033936
0.373623016357
0.373667724609
0.373586013794
0.373671569824
0.373396240234
0.37296925354
0.373025512695
0.372991195679
0.373053146362
0.372912567139
0.372758239746
0.372704849243
0.372447189331
0.372173736572
0.371948471069
0.371814117432
0.371556381226
0.370509246826
0.370565048218
0.370506484985
0.370473739624
0.370306243896
0.370149902344
0.370089355469
0.370314971924
0.370360397339
0.370324783325
0.370422195435
0.370477737427
0.370599700928
0.370750289917
0.370991531372
0.371484466553
0.371637878418
0.371921005249
0.371961685181
0.372242507935
0.372662719727
0.372811767578
0.372908660889
0.373078491211
0.373067550659
0.373208114624
0.37342388916
0.373679550171
0.374258270264
0.374413024902
0.374709503174
0.374994995117
0.374988647461
0.375302062988
0.375744171143
0.376582427979
0.376706054688
0.377297180176
0.377513641357
0.377494491577
0.37770085144
0.377726806641
0.377886413574
0.377813079834
0.377826904297
0.377933059692
0.378067459106
0.378080612183
0.378198043823
0.378238754272
0.377890396118
0.377494155884
0.376562301636
0.376090927124
0.375788238525
0.375121170044
0.374279327393
0.374165283203
0.373856872559
0.373311294556
0.372152069092
0.372089996338
0.372029556274
0.371797821045
0.371939651489
0.371682952881
0.371924102783
0.371870895386
0.371575622559
0.371679702759
0.372014907837
0.372296005249
0.372350799561
0.372824050903
0.373559204102
0.374009109497
0.374676040649
0.375661575317
0.376661437988
0.376914489746
0.377277481079
0.377582382202
0.377716430664
0.378107406616
0.378359970093
0.378373916626
0.378573989868
0.378844924927
0.379001022339
0.379178512573
0.379293380737
0.379593231201
0.380187789917
0.380433502197
0.380618560791
0.380580505371
0.380727752686
0.380815841675
0.380879867554
0.380797637939
0.380894104004
0.38115814209
0.381420455933
0.381440994263
0.381491882324
0.381585678101
0.38150491333
0.381626571655
0.381945175171
0.382022659302
0.382049850464
0.382085144043
0.38213369751
0.38214831543
0.382301727295
0.382304412842
0.382467163086
0.382399780273
0.382460083008
0.382433334351
0.382690246582
0.382849746704
0.382888565063
0.382883499146
0.382907714844
0.383138168335
0.383136825562
0.383405487061
0.383424087524
0.383480682373
0.383652374268
0.383701889038
0.383850341797
0.383955749512
0.38414491272
0.384261825562
0.384346511841
0.384272018433
0.384262634277
0.384226013184
0.384217056274
0.384319702148
0.384391448975
0.384476654053
0.384387954712
0.384297714233
0.384220626831
0.384149841309
0.384125411987
0.38422605896
0.384275375366
0.384251831055
0.384335357666
0.384292282104
0.384326248169
0.384371078491
0.384507141113
0.384474884033
0.384479187012
0.384329849243
0.384307281494
0.384191757202
0.384245361328
0.384222366333
0.384293182373
0.384308441162
0.384357421875
0.384312316895
0.384327575684
0.384303359985
0.384303359985
0.384303359985
0.383985900879
0.384063369751
0.383909179687
0.38387991333
0.383924972534
0.383885467529
0.383954421997
0.383939544678
0.383761108398
0.383839492798
0.383769943237
0.383684234619
0.383617858887
0.383630981445
0.383670440674
0.383669525146
0.383881027222
0.383877304077
0.383923217773
0.384017379761
0.384051345825
0.384069854736
0.384148406982
0.384190170288
0.384523712158
0.384502593994
0.384647140503
0.384686218262
0.384766021729
0.384656723022
0.384654693604
0.384682907104
0.384752456665
0.384796295166
0.384801574707
0.384756210327
0.384843673706
0.3848802948
0.384964981079
0.384934036255
0.385103485107
0.385074707031
0.385072296143
0.385127624512
0.385204910278
0.385549179077
0.385619644165
0.385644271851
0.385770904541
0.385761657715
0.385561355591
0.385623260498
0.385598709106
0.385743423462
0.385670715332
0.385676361084
0.385593841553
0.38569934082
0.38565296936
0.385586746216
0.385499206543
0.385468444824
0.385312911987
0.385168518066
0.385086090088
0.385092483521
0.385242446899
0.385176712036
0.385103927612
0.384885818481
0.384792816162
0.384740905762
0.384588897705
0.384547119141
0.384502029419
0.38459147644
0.384497817993
0.384336532593
0.384206451416
0.384111724854
0.383600585938
0.383566238403
0.38346937561
0.383519866943
0.38347958374
0.383396224976
0.383408111572
0.383394561768
0.383226913452
0.383163452148
0.383269683838
0.383251602173
0.383178039551
0.383096557617
0.383025894165
0.382981216431
0.382852249146
0.382898498535
0.382732299805
0.382778717041
0.38269644165
0.382788391113
0.382757492065
0.382718933105
0.382933517456
0.382885360718
0.382911499023
0.383060394287
0.38333001709
0.383600708008
0.383796081543
0.383979232788
0.383868591309
0.38403453064
0.383910064697
0.384087356567
0.384259780884
0.384332427979
0.384599716187
0.384642333984
0.385003234863
0.384854156494
0.384696578979
0.384931182861
0.385277526855
0.385174224854
0.385488021851
0.385642105103
0.385652603149
0.385615783691
0.385860855103
0.385824066162
0.385803909302
0.385837081909
0.385937850952
0.385894927979
0.3858097229
0.385823226929
0.385758850098
0.385750167847
0.385674377441
0.385664855957
0.385679244995
0.385562103271
0.38534072876
0.385452377319
0.38537852478
0.385220932007
0.385042755127
0.384980224609
0.384913375854
0.38486491394
0.384737136841
0.38468951416
0.384688858032
0.38466355896
0.384553268433
0.384458999634
0.384459716797
0.384395507813
0.384161895752
0.384115859985
0.383969467163
0.383827590942
0.383740219116
0.383569000244
0.383594345093
0.383583648682
0.383605545044
0.383516296387
0.383509429932
0.383583465576
0.383365142822
0.383391525269
0.383446472168
0.383308349609
0.383290786743
0.383229171753
0.383315826416
0.383158706665
0.383165084839
0.383332855225
0.383320129395
0.383446594238
0.383587692261
0.383553039551
0.383596694946
0.383744888306
0.383739685059
0.383675125122
0.383761657715
0.383810440063
0.384127258301
0.384256469727
0.384437149048
0.384450744629
0.384560913086
0.384668029785
0.384959136963
0.385301208496
0.385492111206
0.385426803589
0.385485534668
0.385614562988
0.385730102539
0.38572795105
0.385708389282
0.385567779541
0.385487854004
0.385444595337
0.385497634888
0.385529205322
0.385450088501
0.385476394653
0.385453079224
0.385468688965
0.385596893311
0.385583023071
0.385698150635
0.385585601807
0.385592956543
0.385594696045
0.385614349365
0.385642471313
0.385577804565
0.385599365234
0.385650238037
0.385777618408
0.385823394775
0.385823394775
0.38588899231
0.38588899231
0.385235534668
0.385292068481
0.385247375488
0.385125137329
0.385090057373
0.384870956421
0.384914321899
0.384982910156
0.384646408081
0.384511764526
0.384418869019
0.384189208984
0.384183227539
0.384171401978
0.384249755859
0.384069961548
0.383490020752
0.383403335571
0.383333267212
0.38322114563
0.383238800049
0.383053390503
0.382983718872
0.382941116333
0.382838104248
0.382904220581
0.382946136475
0.382950592041
0.382940124512
0.383020553589
0.382745040894
0.382836517334
0.382380645752
0.382332366943
0.382299575806
0.382160064697
0.382242294312
0.382259857178
0.38227645874
0.382331939697
0.382227859497
0.3824375
0.382475860596
0.382652404785
0.382674942017
0.382634963989
0.382623031616
0.382765838623
0.38288609314
0.382876937866
0.382816772461
0.382970504761
0.383231903076
0.383433853149
0.383635498047
0.383903366089
0.384292709351
0.384214279175
0.38443057251
0.384482223511
0.385065246582
0.384990371704
0.385093307495
0.385059036255
0.385088531494
0.38526776123
0.385384399414
0.385410202026
0.385442428589
0.385424026489
0.385362564087
0.385485336304
0.385390335083
0.385319778442
0.385328903198
0.385400405884
0.385316375732
0.385235519409
0.38480355835
0.384096282959
0.383813674927
0.383632293701
0.383480453491
0.383571868896
0.383640289307
0.383659942627
0.383638137817
0.383790969849
0.383941329956
0.383967773437
0.383958496094
0.38392779541
0.383972427368
0.3841065979
0.384176101685
0.384264007568
0.38445173645
0.384585327148
0.38461869812
0.383652709961
0.383154663086
0.3828152771
0.382873275757
0.382839035034
0.382771820068
0.382679443359
0.382647766113
0.382587036133
0.382604019165
0.382612823486
0.38263053894
0.382749404907
0.382887832642
0.382935348511
0.382935348511
0.382929718018
0.382982452393
0.383042480469
0.383795944214
0.368446456909
0.367825897217
0.366392181396
0.365322494507
0.365161529541
0.363626953125
0.362326431274
0.360865234375
0.360801589966
0.359665237427
0.360617126465
0.366252212524
0.366856491089
0.366068374634
0.365623199463
0.365705627441
0.364724349976
0.363835571289
0.362095901489
0.362020614624
0.360643432617
0.366534347534
0.367389923096
0.366500076294
0.365254226685
0.364901931763
0.364989349365
0.363950942993
0.36248638916
0.36261857605
0.364594161987
0.372420837402
0.372135314941
0.372739974976
0.371538497925
0.370449111938
0.370371749878
0.369072067261
0.367637130737
0.366098205566
0.367116333008
0.374205764771
0.374293395996
0.373252059937
0.373386566162
0.372444244385
0.371596252441
0.371632553101
0.370431274414
0.369052322388
0.368062774658
0.368305862427
0.372578948975
0.37681300354
0.377602020264
0.37738508606
0.377045410156
0.376492935181
0.3765262146
0.375617706299
0.374577346802
0.374725753784
0.373976699829
0.373383331299
0.372944854736
0.372992385864
0.372799865723
0.382709747314
0.384331665039
0.385885101318
0.386831665039
0.387513061523
0.387786407471
0.388393478394
0.388697723389
0.388857711792
0.389222610474
0.389189498901
0.389370101929
0.389300704956
0.389420379639
0.389368835449
0.389481124878
0.389435379028
0.389434707642
0.389504440308
0.389538269043
0.389565078735
0.389499710083
0.389222122192
0.389153793335
0.388865768433
0.38877003479
0.38865802002
0.388657470703
0.388324417114
0.388013442993
0.387803070068
0.387792709351
0.387770782471
0.387960037231
0.387891464233
0.387907073975
0.387877548218
0.38772593689
0.387870254517
0.387911468506
0.387878372192
0.387855987549
0.387881851196
0.38796824646
0.387924758911
0.387935791016
0.387494186401
0.387523254395
0.387529083252
0.38742817688
0.387344177246
0.387370071411
0.387028244019
0.387053253174
0.387127838135
0.386978149414
0.386975982666
0.386728652954
0.386662033081
0.386752120972
0.386894271851
0.386875213623
0.387165527344
0.387283782959
0.387208374023
0.387356506348
0.387374603271
0.387691162109
0.387805480957
0.387940536499
0.388054367065
0.388002059937
0.388337249756
0.388494720459
0.388752731323
0.388911422729
0.389085494995
0.389055511475
0.38874005127
0.388798049927
0.388840682983
0.388934967041
0.389103057861
0.389415313721
0.389604019165
0.389810028076
0.389860717773
0.389703704834
0.389614730835
0.389779098511
0.389774856567
0.389752990723
0.389888946533
0.389875091553
0.389996704102
0.389832015991
0.389636428833
0.389423187256
0.389282485962
0.389089538574
0.388758331299
0.388676101685
0.388191436768
0.388051300049
0.387843521118
0.387657546997
0.386854034424
0.386882858276
0.386893341064
0.386890014648
0.386799423218
0.386692428589
0.386492996216
0.386499359131
0.38624420166
0.38622895813
0.386094970703
0.38631137085
0.386299407959
0.386297103882
0.386277328491
0.386216278076
0.386188522339
0.386299530029
0.386368209839
0.386483276367
0.38654133606
0.386623016357
0.38697088623
0.387203369141
0.387371109009
0.387524734497
0.387758880615
0.387913146973
0.388044494629
0.388015731812
0.388242218018
0.388535629272
0.388678695679
0.388749725342
0.388840499878
0.389059860229
0.389095901489
0.389230911255
0.389350860596
0.389557556152
0.389612106323
0.389679733276
0.389783813477
0.389985931396
0.390073806763
0.390058273315
0.390095275879
0.390011077881
0.390073303223
0.390135498047
0.390036834717
0.390131881714
0.3899609375
0.38983555603
0.389944671631
0.389987792969
0.390246856689
0.390405212402
0.390981826782
0.391010940552
0.392396560669
0.393797149658
0.395888656616
0.395851669312
0.397706756592
0.399665084839
0.39968409729
0.39665447998
0.386356582642
0.387366607666
0.387143768311
0.388974243164
0.39119128418
0.391089996338
0.393090927124
0.395142959595
0.396792922974
0.395965637207
0.382839080811
0.383789581299
0.38544770813
0.38524269104
0.387680358887
0.39033996582
0.389956314087
0.388172393799
0.379465866089
0.380039352417
0.379580062866
0.380871826172
0.382027648926
0.382022628784
0.383237167358
0.384838684082
0.386047088623
0.386177871704
0.386933288574
0.379075134277
0.378009048462
0.378314834595
0.37904447937
0.380137298584
0.380076065063
0.381244415283
0.382178817749
0.383281021118
0.383377105713
0.384165161133
0.383178833008
0.381793869019
0.376508865356
0.376761459351
0.377038269043
0.376939529419
0.377623336792
0.378469589233
0.378376022339
0.378832214355
0.379612411499
0.380065307617
0.3804193573
0.380696166992
0.380891174316
0.38101449585
0.38108392334
0.381164215088
0.381173294067
0.381344451904
0.381424163818
0.381541061401
0.381765686035
0.38186479187
0.38202734375
0.381994689941
0.382149475098
0.382306625366
0.382462997437
0.382464157104
0.382470230103
0.382462478638
0.382500518799
0.382538497925
0.38252355957
0.382382598877
0.382229507446
0.382139938354
0.38201322937
0.381872467041
0.381766387939
0.381722686768
0.381610656738
0.381521316528
0.381405731201
0.38131350708
0.381092697144
0.381016220093
0.380727890015
0.380566574097
0.380428222656
0.380316543579
0.380269500732
0.380158798218
0.380059967041
0.379981201172
0.379657226563
0.379422790527
0.379248718262
0.379116455078
0.378918685913
0.378930221558
0.378914962769
0.378867111206
0.376665115356
0.376520477295
0.376526672363
0.376461975098
0.376294235229
0.376259963989
0.376288726807
0.376211486816
0.376404525757
0.376628677368
0.376782073975
0.376892211914
0.377162261963
0.377159912109
0.377291946411
0.377661956787
0.378106185913
0.378409713745
0.37890826416
0.379279891968
0.379490921021
0.379759750366
0.379936813354
0.380146133423
0.380722824097
0.380859970093
0.3810105896
0.381136032104
0.380887664795
0.380326782227
0.380518844604
0.379630661011
0.378830123901
0.378901580811
0.377635055542
0.375679794312
0.374006439209
0.373796691895
0.370606033325
0.36902432251
0.368702590942
0.367205322266
0.365571853638
0.364347335815
0.364343795776
0.365956893921
0.366876800537
0.367574661255
0.367247695923
0.366353393555
0.365124191284
0.364976272583
0.363581970215
0.362013168335
0.360564163208
0.360501800537
0.365062927246
0.366128845215
0.366950897217
0.365644973755
0.365074645996
0.36342616272
0.363487258911
0.362830123901
0.368830718994
0.369885116577
0.369587295532
0.36947102356
0.36892767334
0.369177032471
0.367156509399
0.366445465088
0.366614181519
0.365654876709
0.364652557373
0.363846420288
0.364684829712
0.375300323486
0.376838180542
0.377821685791
0.37747517395
0.376494522095
0.375588546753
0.375799407959
0.374694656372
0.373887985229
0.373104095459
0.373186248779
0.372560089111
0.371559158325
0.371618469238
0.370571655273
0.370217041016
0.375741363525
0.377162536621
0.378164978027
0.379388717651
0.379945419312
0.379890670776
0.380163024902
0.380257873535
0.380606140137
0.380258041382
0.380078521729
0.380324584961
0.379958999634
0.3797396698
0.379565444946
0.379490005493
0.379552627563
0.379520950317
0.379968811035
0.380094238281
0.379877288818
0.37978805542
0.379712997437
0.379761871338
0.379934051514
0.379919158936
0.38021031189
0.380739883423
0.380964004517
0.380934555054
0.380799285889
0.380755325317
0.380449630737
0.38044241333
0.380570220947
0.380944061279
0.381005859375
0.381087921143
0.381051574707
0.381081466675
0.380921524048
0.38069203186
0.380584640503
0.380494873047
0.380491455078
0.380401168823
0.380258987427
0.380215438843
0.380282394409
0.380332778931
0.380071640015
0.379891830444
0.380016647339
0.379958480835
0.3800599823
0.379510147095
0.379286697388
0.379171264648
0.378995071411
0.37892137146
0.378665542603
0.378803192139
0.378487564087
0.378256134033
0.377905456543
0.377994033813
0.378163711548
0.377846405029
0.377745498657
0.377844589233
0.377755233765
0.377546524048
0.37749331665
0.377384109497
0.377090805054
0.377082595825
0.377050537109
0.377071594238
0.376992477417
0.376970352173
0.376868179321
0.376884506226
0.376871688843
0.376787414551
0.376707275391
0.376614852905
0.376673538208
0.376161407471
0.376310760498
0.376300964355
0.376167160034
0.37626574707
0.376279083252
0.376334915161
0.376568634033
0.377028656006
0.376982559204
0.377083068848
0.377174423218
0.3775909729
0.377623474121
0.377672744751
0.377746078491
0.377888397217
0.378143463135
0.378069320679
0.378165542603
0.378447387695
0.378440963745
0.378330932617
0.378413101196
0.378310775757
0.378501953125
0.378508789063
0.37888319397
0.378831985474
0.378785964966
0.378772140503
0.378876037598
0.379023300171
0.379145614624
0.379184570313
0.379210235596
0.379403945923
0.379537017822
0.379681900024
0.37977192688
0.379867828369
0.379894622803
0.379948776245
0.379920516968
0.379936462402
0.379936462402
0.379944763184
0.379781478882
0.3798565979
0.3798565979
0.379784866333
0.379737350464
0.379864990234
0.379985977173
0.379864257813
0.379921661377
0.379852935791
0.379838180542
0.379705078125
0.379644485474
0.379419204712
0.379568237305
0.379454147339
0.379372177124
0.379211151123
0.379097320557
0.378852279663
0.378766433716
0.378785644531
0.378784317017
0.378656463623
0.378624313354
0.378388778687
0.378274734497
0.378166931152
0.37808190918
0.378038223267
0.378107345581
0.378048904419
0.377967575073
0.377971008301
0.37808291626
0.378032043457
0.378091949463
0.378170578003
0.378128189087
0.378215438843
0.378209121704
0.378209091187
0.378157852173
0.378198165894
0.378150970459
0.378090881348
0.378065765381
0.378147171021
0.378234588623
0.378520736694
0.378478652954
0.378638656616
0.378773651123
0.37896572876
0.379046569824
0.379094772339
0.379269088745
0.379478439331
0.37960319519
0.379735931396
0.380152282715
0.380355987549
0.38039414978
0.380380371094
0.380513580322
0.380301971436
0.380320861816
0.380279327393
0.380254043579
0.380070541382
0.380154449463
0.380199264526
0.380950927734
0.38120413208
0.382767593384
0.384732421875
0.38743838501
0.387419494629
0.389746322632
0.392922836304
0.393164169312
0.395607421875
0.39294644165
0.379928588867
0.379440658569
0.382649414062
0.38555809021
0.385655212402
0.38834552002
0.386649902344
0.382472167969
0.381865081787
0.384130371094
0.385782592773
0.384212966919
0.382394210815
0.3783931427
0.379807876587
0.379845443726
0.381867050171
0.376159225464
0.373284805298
0.372829467773
0.374389862061
0.376352371216
0.376436782837
0.377650619507
0.374841934204
0.365629257202
0.364392486572
0.365324737549
0.366331604004
0.366484344482
0.367853561401
0.369387786865
0.370798553467
0.370944610596
0.372173934937
0.373515228271
0.373481262207
0.3713256073
0.368139862061
0.368260482788
0.368142379761
0.368724090576
0.368225234985
0.368883270264
0.368901092529
0.369462768555
0.370010482788
0.370076950073
0.37030241394
0.370692810059
0.371269012451
0.371377746582
0.37145362854
0.371763214111
0.371758377075
0.372094696045
0.372202926636
0.372664031982
0.372725006104
0.372786453247
0.372830078125
0.372863815308
0.372909210205
0.373231018066
0.373303329468
0.373419845581
0.37365397644
0.373612731934
0.373665435791
0.373676361084
0.373815185547
0.373807220459
0.373851348877
0.373892150879
0.373886886597
0.37409211731
0.374100494385
0.374113677979
0.374166213989
0.37418913269
0.374182723999
0.374198425293
0.374133865356
0.374099441528
0.374275543213
0.374259063721
0.374117355347
0.374054916382
0.374092498779
0.373940185547
0.373773529053
0.373813995361
0.373744110107
0.373590286255
0.373617919922
0.373358291626
0.37312828064
0.372919387817
0.372742721558
0.372652801514
0.372567474365
0.372484130859
0.371620101929
0.371626663208
0.371611801147
0.3716065979
0.371422286987
0.371149871826
0.370939788818
0.37077545166
0.370693954468
0.370493591309
0.370457397461
0.370323730469
0.369992477417
0.369963867187
0.36980607605
0.369730834961
0.369724685669
0.369842300415
0.370014083862
0.369822036743
0.369829437256
0.36989982605
0.36992729187
0.369932556152
0.369709106445
0.369772994995
0.369672363281
0.369721694946
0.369602035522
0.369614883423
0.369724685669
0.369913955688
0.370006347656
0.369797241211
0.369871841431
0.369513839722
0.369600967407
0.369120773315
0.369227981567
0.36811769104
0.366868530273
0.366839324951
0.36509046936
0.363809143066
0.362857757568
0.362894607544
0.361486785889
0.360020492554
0.359880477905
0.358269210815
0.356998123169
0.355623657227
0.355429260254
0.3573253479
0.36370401001
0.36329586792
0.363407089233
0.361825622559
0.360419219971
0.360103469849
0.358333831787
0.359149185181
0.362901535034
0.364009841919
0.362582733154
0.361002944946
0.361094802856
0.359216140747
0.35941015625
0.363673660278
0.364771240234
0.363179107666
0.360170410156
0.359876464844
0.358200576782
0.356875854492
0.359904876709
0.361197174072
0.36181829834
0.361544052124
0.36189225769
0.360544876099
0.359137680054
0.357888336182
0.358096786499
0.35720223999
0.361974868774
0.362342224121
0.362925537109
0.362215179443
0.36183694458
0.362096588135
0.361632385254
0.360920089722
0.362312744141
0.364220184326
0.376386169434
0.376693069458
0.377027923584
0.376098464966
0.374950210571
0.373734725952
0.373772750854
0.372436569214
0.370582931519
0.370761367798
0.370634109497
0.381840896606
0.3836509552
0.384140411377
0.384649902344
0.384594451904
0.385623123169
0.385666442871
0.385785369873
0.385807235718
0.386001754761
0.38604826355
0.386201950073
0.386478988647
0.386426269531
0.38627746582
0.386442092896
0.386448989868
0.386412322998
0.38643359375
0.386556930542
0.386457458496
0.386519042969
0.386403289795
0.386559051514
0.386717712402
0.386693389893
0.38663873291
0.386584320068
0.386713165283
0.387083847046
0.387408035278
0.387357818604
0.387242721558
0.386843505859
0.386708358765
0.386801727295
0.386776977539
0.386865493774
0.386981338501
0.387057540894
0.386993621826
0.386821304321
0.386720458984
0.386792190552
0.386635665894
0.386666656494
0.386604370117
0.386425354004
0.386357116699
0.386322036743
